4.36;False;0.005789331;0.01979156;0.03871683;-7.33;-1.26;6.18;358.6206;359.6657;359.1702;0;0;0
4.38;False;0.005508556;0.02744681;0.0304687;-7.33;-1.26;6.18;358.6104;359.5946;359.0861;0;0;0
4.4;False;0.005508556;0.02744681;0.0304687;-7.33;-1.26;6.18;358.6104;359.5946;359.0861;0;0;0
4.42;False;0.005508556;0.02744681;0.0304687;-7.33;-1.26;6.18;358.6104;359.5946;359.0861;0;0;0
4.44;False;0.005508556;0.02744681;0.0304687;-7.33;-1.259999;6.18;358.6104;359.5946;359.0861;0;0;0
4.46;False;0.005508556;0.02744681;0.0304687;-7.33;-1.259999;6.18;358.6104;359.5946;359.0861;0;0;0
4.48;False;0.005508556;0.02744681;0.0304687;-7.33;-1.259999;6.18;358.6104;359.5946;359.0861;0;0;0
4.5;False;0.005508556;0.02744681;0.0304687;-7.33;-1.259999;6.18;358.6104;359.5946;359.0861;0;0;0
4.52;False;0.005508556;0.02744681;0.0304687;-7.33;-1.259998;6.18;358.6104;359.5946;359.0861;0;0;0
4.54;False;0.005508556;0.02744681;0.0304687;-7.33;-1.259998;6.18;358.6104;359.5946;359.0861;0;0;0
4.56;False;0.007286624;0.02766454;0.02493462;-7.33;-1.259998;6.18;358.6215;359.5631;359.0455;0;0;0
4.58;False;0.007286624;0.02766454;0.02493462;-7.33;-1.259998;6.18;358.6215;359.5631;359.0455;0;0;0
4.6;False;0.005873306;0.0309272;0.02748659;-7.33;-1.259997;6.18;358.6254;359.5487;359.0415;0;0;0
4.62;False;0.00168003;0.02758801;0.0269352;-7.33;-1.259997;6.18;358.6359;359.5444;359.0448;0;0;0
4.64;False;0.002382226;0.02106269;0.02864874;-7.33;-1.259997;6.18;358.6431;359.5434;359.0425;0;0;0
4.66;False;0.01084848;0.02308593;0.02352064;-7.33;-1.259997;6.18;358.6464;359.5377;359.0433;0;0;0
4.68;False;0.01234903;0.02755417;0.02076012;-7.33;-1.259996;6.18;358.6478;359.5266;359.0483;0;0;0
4.7;False;0.008234762;0.03617284;0.02241196;-7.33;-1.259996;6.18;358.6528;359.5059;359.0602;0;0;0
4.72;False;0.00109364;0.03598477;0.02251427;-7.33;-1.259996;6.18;358.6626;359.492;359.0862;0;0;0
4.74;False;-0.001379915;0.0306519;0.02135102;-7.33;-1.259996;6.18;358.6851;359.4803;359.1115;0;0;0
4.76;False;-0.002983578;0.02871842;0.02237155;-7.33;-1.259995;6.18;358.7422;359.4666;359.1481;0;0;0
4.78;False;-0.0001282773;0.0223801;0.01816537;-7.33;-1.259995;6.18;358.7671;359.4623;359.156;0;0;0
4.8;False;0.002786516;0.01970647;0.0168994;-7.33;-1.259995;6.18;358.7805;359.4626;359.1573;0;0;0
4.82;False;-0.001079738;0.02144098;0.01670909;-7.33;-1.259995;6.18;358.7878;359.4597;359.1647;0;0;0
4.84;False;-0.001458346;0.01878836;0.0158742;-7.33;-1.259995;6.18;358.7903;359.4614;359.1695;0;0;0
4.86;False;-0.00304053;0.01833538;0.01085678;-7.33;-1.259995;6.18;358.7809;359.4657;359.1634;0;0;0
4.88;False;0.01033522;0.03277977;0.006302217;-7.33;-1.259995;6.18;358.7772;359.4648;359.1564;0;0;0
4.9;False;0.004299037;0.03259248;0.007238658;-7.33;-1.259995;6.18;358.7982;359.4246;359.1498;0;0;0
4.92;False;0.004299037;0.03259248;0.007238658;-7.33;-1.259995;6.18;358.7982;359.4246;359.1498;0;0;0
4.94;False;-0.003819989;0.0347962;0.01349614;-7.33;-1.259995;6.18;358.8231;359.3988;359.1496;0;0;0
4.96;False;-0.005268917;0.0260017;0.01627911;-7.33;-1.259995;6.18;358.8458;359.3894;359.1563;0;0;0
4.98;False;-0.0004927283;0.01915848;0.01683374;-7.33;-1.259995;6.18;358.8642;359.3819;359.1599;0;0;0
5;False;0.01472507;0.02944029;0.009498704;-7.33;-1.259995;6.18;358.8647;359.3669;359.1598;0;0;0
5.02;False;0.01472507;0.02944029;0.009498704;-7.33;-1.259995;6.18;358.8647;359.3669;359.1598;0;0;0
5.04;False;0.01463701;0.02946489;0.009118428;-7.33;-1.259995;6.18;358.8715;359.3416;359.1671;0;0;0
5.06;False;-0.00508474;0.0353368;0.01301676;-7.33;-1.259995;6.18;358.8882;359.3196;359.1818;0;0;0
5.08;False;-0.004388841;0.03728789;0.01443533;-7.33;-1.259995;6.18;358.9115;359.3076;359.2016;0;0;0
5.1;False;-0.004388841;0.03728789;0.01443533;-7.33;-1.259995;6.18;358.961;359.3072;359.213;0;0;0
5.12;False;-0.00702543;0.01698023;0.008595142;-7.33;-1.259995;6.18;359.0033;359.3023;359.2215;0;0;0
5.14;False;-0.0004606472;0.01769023;0.009861526;-7.33;-1.259995;6.18;359.0278;359.3123;359.2206;0;0;0
5.16;False;0.004794092;0.0218362;0.009373054;-7.33;-1.259995;6.18;359.041;359.3202;359.2202;0;0;0
5.18;False;0.004843503;0.02599762;0.00599582;-7.33;-1.259995;6.18;359.0412;359.3182;359.2189;0;0;0
5.2;False;0.007804675;0.03016002;0.006521614;-7.33;-1.259995;6.18;359.0553;359.3118;359.2259;0;0;0
5.22;False;0.008787601;0.033097;0.005913208;-7.33;-1.259995;6.18;359.0777;359.2845;359.2487;0;0;0
5.24;False;-0.001395392;0.02723587;0.009804682;-7.33;-1.259995;6.18;359.0952;359.2632;359.2725;0;0;0
5.26;False;-0.007956592;0.02672727;0.01544708;-7.33;-1.259995;6.18;359.1187;359.2599;359.2799;0;0;0
5.28;False;-0.007956592;0.02672727;0.01544708;-7.33;-1.259995;6.18;359.1187;359.2599;359.2799;0;0;0
5.3;False;0.003641433;0.02525572;0.008676745;-7.33;-1.259995;6.18;359.1583;359.2606;359.2608;0;0;0
5.32;False;0.001759305;0.0215887;0.008824562;-7.33;-1.259995;6.18;359.1841;359.2606;359.2581;0;0;0
5.34;False;0.001803814;0.02158987;0.00876645;-7.33;-1.259995;6.18;359.1976;359.2531;359.256;0;0;0
5.36;False;0.008686362;0.03209243;0.008931385;-7.33;-1.259995;6.18;359.2146;359.2505;359.2574;0;0;0
5.38;False;0.007425167;0.02696825;0.006459327;-7.33;-1.259995;6.18;359.2342;359.237;359.2615;0;0;0
5.4;False;-0.002121182;0.02428499;0.006684699;-7.33;-1.259995;6.18;359.2461;359.2236;359.267;0;0;0
5.42;False;-0.0003728052;0.02599198;0.009381292;-7.33;-1.259995;6.18;359.2603;359.2199;359.2693;0;0;0
5.44;False;-0.003684378;0.02598965;0.009617392;-7.33;-1.259995;6.18;359.2683;359.2193;359.2761;0;0;0
5.46;False;-0.0008201781;0.02623228;0.007588452;-7.33;-1.259995;6.18;359.275;359.2199;359.2784;0;0;0
5.48;False;0.0007204567;0.02648075;0.006021341;-7.33;-1.259995;6.18;359.277;359.2215;359.2773;0;0;0
5.5;False;0.006817378;0.03405041;0.004045985;-7.33;-1.259995;6.18;359.3086;359.224;359.2781;0;0;0
5.52;False;0.003686159;0.02891408;0.009308758;-7.33;-1.259995;6.18;359.3268;359.216;359.2879;0;0;0
5.54;False;-0.006158822;0.02011034;0.008264442;-7.33;-1.259995;6.18;359.3387;359.2074;359.2992;0;0;0
5.56;False;-0.004713894;0.01375365;0.00684712;-7.33;-1.259995;6.18;359.3427;359.211;359.302;0;0;0
5.58;False;-0.001643584;0.004236013;0.006713247;-7.33;-1.259995;6.18;359.2932;359.2453;359.2968;0;0;0
5.6;False;-0.001091599;-0.01868236;0.01202223;-7.33;-1.259995;6.18;359.0822;359.3086;359.2618;0;0;0
5.62;False;0.01499996;-0.1282252;0.04382894;-7.33;-1.259995;6.18;358.5232;359.4156;358.9911;0;0;0
5.64;False;0.07772055;-0.1488947;0.02029164;-7.33;-1.259995;6.18;357.8136;359.3157;358.6472;0;0;0
5.66;False;0.1117893;-0.09660724;0.001473373;-7.33;-1.259995;6.18;356.6499;358.8419;358.3722;0;0;0
5.68;False;0.1110849;0.004017887;-0.04442428;-7.33;-1.259995;6.18;356.3618;358.2388;358.6011;0;0;0
5.7;False;0.07805856;0.1220047;-0.1010671;-7.33;-1.259995;6.18;356.1278;357.5769;359.084;0;0;0
5.72;False;-0.01061139;0.1760863;-0.02262891;-7.33;-1.259995;6.18;356.0276;357.055;359.5033;0;0;0
5.74;False;-0.07765862;0.218817;0.01029345;-7.33;-1.259995;6.18;355.9237;356.4896;359.6709;0;0;0
5.76;False;-0.1269462;0.239761;-0.0259076;-7.33;-1.259995;6.18;356.5545;356.6601;359.4701;0;0;0
5.78;False;-0.1538558;0.2597373;-0.02131599;-7.33;-1.259995;6.18;357.2771;356.8592;359.57;0;0;0
5.8;False;-0.1669933;0.2034877;0.04348311;-7.33;-1.259995;6.18;358.0436;357.2159;359.6448;0;0;0
5.82;False;-0.1104303;0.1177749;0.09559676;-7.33;-1.259995;6.18;358.922;357.7508;359.4633;0;0;0
5.84;False;-0.02481978;0.03557769;0.09701808;-7.33;-1.259995;6.18;359.6732;358.1476;359.1815;0;0;0
5.86;False;0.02738764;-0.019603;0.06735299;-7.33;-1.259995;6.18;0.4841717;358.3549;358.9973;0;0;0
5.88;False;0.02738764;-0.019603;0.06735299;-7.33;-1.259995;6.18;1.18757;358.4169;358.8963;0;0;0
5.9;False;0.02810539;-0.1401197;-0.06361698;-7.33;-1.259995;6.18;1.404855;358.706;358.6306;0;0;0
5.92;False;0.096337;-0.1914282;-0.06057694;-7.33;-1.259995;6.18;0.9225982;358.7879;358.5189;0;0;0
5.94;False;0.1249253;-0.1731313;-0.03829118;-7.33;-1.259995;6.18;359.8647;358.7709;358.5007;0;0;0
5.96;False;0.1196923;-0.1655952;0.01472452;-7.33;-1.259995;6.18;359.2508;358.4958;358.5736;0;0;0
5.98;False;0.07973747;-0.1063735;0.08381172;-7.33;-1.259995;6.18;358.8786;358.1599;358.6393;0;0;0
6;False;0.04334173;-0.02085127;0.02521179;-7.33;-1.259995;6.18;358.5285;357.8196;358.7833;0;0;0
6.02;False;-0.003356315;0.08846109;-0.02740384;-7.33;-1.259995;6.18;358.0969;357.5691;359.1305;0;0;0
6.04;False;-0.04063146;0.1488258;-0.06495418;-7.33;-1.259995;6.18;357.9696;357.4193;359.3791;0;0;0
6.06;False;-0.04063146;0.1488258;-0.06495418;-7.33;-1.259995;6.18;358.2535;357.3237;359.5239;0;0;2.941175
6.08;False;-0.06097955;0.2296849;-0.03607175;-7.33;-1.259995;6.18;358.632;357.3656;359.6022;0;0;2.941175
6.1;False;-0.04683886;0.1916667;-0.05038035;-7.33;-1.259995;6.18;358.9569;357.3222;359.489;0;0;2.941175
6.12;False;-0.03905198;0.1938983;-0.03951966;-7.33;-1.259995;6.18;359.3267;357.3165;359.3766;0;0;2.941175
6.14;False;-0.03179594;0.1162387;0.01003477;-7.33;-1.259995;6.18;359.8964;357.449;359.1912;0;0;2.941175
6.16;False;-0.02828049;0.06679576;0.03976569;-7.33;-1.259995;6.18;0.9208236;357.7008;358.9361;0;0;2.941175
6.18;False;-0.004937038;0.01212883;0.0625897;-7.33;-1.259995;6.18;1.616225;357.7043;358.9395;0;0;2.941175
6.2;False;0.01810432;-0.03345846;0.07270896;-7.33;-1.259995;6.18;2.316076;357.6384;358.9518;0;0;2.941175
6.22;False;0.002231299;-0.08146723;0.01125285;-7.33;-1.259995;6.18;2.492357;357.6632;358.9061;0;0;2.941175
6.24;False;0.008966497;-0.1496695;-0.03522659;-7.33;-1.259995;6.18;2.41797;357.8258;358.8584;0;0;2.941175
6.26;False;0.05275983;-0.1637767;-0.04205696;-7.33;-1.259995;6.18;1.926875;357.9235;358.8396;0;0;2.941175
6.28;False;0.08813047;-0.1704427;-0.01283754;-7.33;-1.259995;6.18;1.196615;357.9185;358.8618;0;0;2.941175
6.3;False;0.02951616;-0.07013398;0.0816816;-7.33;-1.259995;6.18;359.5217;357.868;359.0805;0;0;2.941175
6.32;False;0.02951616;-0.07013398;0.0816816;-7.33;-1.259995;6.18;359.5217;357.868;359.0805;0;0;2.941175
6.34;False;0.01564104;-0.002227945;-0.001612087;-7.33;-1.259995;6.18;359.2396;357.6457;359.1634;0;0;2.941175
6.36;False;0.01564104;-0.002227945;-0.001612087;-7.33;-1.259995;6.18;358.8583;357.3938;359.1876;0;0;2.941175
6.38;False;-0.006908247;0.1637567;-0.09646009;-7.33;-1.259995;6.18;358.4304;357.1136;359.3004;0;0;2.941175
6.4;False;-0.04477303;0.2209023;-0.0749846;-7.33;-1.259995;6.18;358.6093;356.9712;359.3853;0;0;2.941175
6.42;False;-0.04303035;0.2443728;-0.02854617;-7.33;-1.259995;6.18;358.9249;356.8389;359.4561;0;0;2.941175
6.44;False;-0.04303035;0.2443728;-0.02854617;-7.33;-1.259995;6.18;359.3749;356.795;359.4201;0;0;2.941175
6.46;False;-0.04432458;0.2077438;0.001891675;-7.33;-1.259995;6.18;0.6115407;356.752;359.3854;0;0;2.941175
6.48;False;-0.05635034;0.1381362;0.04078291;-7.33;-1.259995;6.18;1.423298;356.8646;359.1901;0;0;2.941175
6.5;False;-0.04676955;0.0397464;0.1089771;-7.33;-1.259995;6.18;2.242079;356.9347;359.03;0;0;2.941175
6.52;False;-0.03425764;0.0002096661;0.1251304;-7.33;-1.259995;6.18;3.394266;357.042;358.9597;0;0;2.941175
6.54;False;-0.0265134;-0.05855158;0.06013953;-7.33;-1.259995;6.18;4.329277;357.1989;358.831;0;0;2.941175
6.56;False;-0.0265134;-0.05855158;0.06013953;-7.33;-1.259995;6.18;4.974489;357.446;358.6297;0;0;2.941175
6.58;False;0.06053871;-0.1684246;-0.1175033;-7.33;-1.259995;6.18;4.687077;357.7334;358.4246;0;0;2.941175
6.6;False;0.09162106;-0.1774328;-0.1320858;-7.33;-1.259995;6.18;3.650932;357.7263;358.3401;0;0;1.851852
6.62;False;0.08560427;-0.1651217;-0.07834096;-7.33;-1.259995;6.18;2.498932;357.6561;358.2563;0;0;1.851852
6.64;False;0.05094397;-0.1092304;0.03654166;-7.33;-1.259995;6.18;1.453329;357.67;358.2198;0;0;1.851852
6.66;False;0.03620518;-0.06190041;0.1656834;-7.33;-1.259995;6.18;1.002637;357.8112;358.2584;0;0;1.851852
6.68;False;0.03545312;-0.0003885046;0.04268465;-7.33;-1.259995;6.18;0.4600456;357.5888;358.4665;0;0;1.851852
6.7;False;0.02087101;0.07004237;-0.05670284;-7.33;-1.259995;6.18;0.0126989;357.3524;358.5452;0;0;1.851852
6.72;False;0.02123144;0.1219929;-0.08583381;-7.33;-1.259995;6.18;359.718;357.2261;358.5667;0;0;1.851852
6.74;False;0.006906465;0.2028404;-0.08462442;-7.33;-1.259995;6.18;359.206;356.8995;358.7469;0;0;1.851852
6.76;False;-0.02488337;0.2168677;-0.02179034;-7.33;-1.259995;6.18;359.4512;356.7689;358.8904;0;0;1.851852
6.78;False;-0.04240096;0.1999273;-0.03093185;-7.33;-1.259995;6.18;359.8036;356.6593;358.9321;0;0;1.851852
6.8;False;-0.06392179;0.2140004;-0.02477572;-7.33;-1.259995;6.18;0.1434732;356.7034;358.991;0;0;1.851852
6.82;False;-0.06982628;0.1568423;0.02849935;-7.33;-1.259995;6.18;0.6054373;356.8968;358.9528;0;0;1.851852
6.84;False;-0.05593591;0.07366728;0.08451664;-7.33;-1.259995;6.18;1.137678;357.005;358.8218;0;0;1.851852
6.86;False;-0.01676376;0.005988806;0.09905701;-7.33;-1.259995;6.18;1.860366;357.0205;358.6863;0;0;1.851852
6.88;False;-0.01676376;0.005988806;0.09905701;-7.33;-1.259995;6.18;2.708609;357.0375;358.6263;0;0;1.851852
6.9;False;0.02283071;-0.05728279;0.03545796;-7.33;-1.259995;6.18;3.619962;357.1909;358.7995;0;0;1.851852
6.92;False;0.03258707;-0.1434005;-0.01107839;-7.33;-1.259995;6.18;3.5989;357.276;358.7948;0;0;1.851852
6.94;False;0.02662531;-0.1609016;-0.07503927;-7.33;-1.259995;6.18;3.13357;357.2922;358.7621;0;0;1.851852
6.96;False;0.02493681;-0.1674191;-0.06046459;-7.33;-1.259995;6.18;2.289925;357.4005;358.7163;0;0;1.851852
6.98;False;0.02493681;-0.1674191;-0.06046459;-7.33;-1.259995;6.18;1.541053;357.5056;358.6243;0;0;1.851852
7;False;0.04545914;-0.1065977;0.1626369;-7.33;-1.259995;6.18;0.7477674;357.8271;358.5536;0;0;1.851852
7.02;False;0.0392116;-0.05401255;0.03816976;-7.33;-1.259995;6.18;0.3657456;357.7362;358.507;0;0;1.851852
7.04;False;0.02198041;0.04080709;-0.1013688;-7.33;-1.259995;6.18;359.971;357.5146;358.5351;0;0;1.851852
7.06;False;0.0475807;0.08420018;-0.1025844;-7.33;-1.259995;6.18;359.5906;357.3345;358.5453;0;0;1.851852
7.08;False;0.0475807;0.08420018;-0.1025844;-7.33;-1.259995;6.18;359.33;357.164;358.5371;0;0;1.851852
7.1;False;0.009083994;0.1783745;-0.05621267;-7.33;-1.259995;6.18;359.1919;356.5658;358.6129;0;0;1.851852
7.12;False;-0.005638541;0.2293488;-0.05720133;-7.33;-1.259995;6.18;359.2757;356.2781;358.749;0;0;1.923077
7.14;False;-0.01329158;0.2271607;-0.02553598;-7.33;-1.259995;6.18;359.6005;356.199;358.8552;0;0;1.923077
7.16;False;-0.06182331;0.223328;0.00235912;-7.33;-1.259995;6.18;359.9301;356.0911;358.9949;0;0;1.923077
7.18;False;-0.06182331;0.223328;0.00235912;-7.33;-1.259995;6.18;0.465579;356.1375;359.1101;0;0;1.923077
7.2;False;-0.09515536;0.03706412;0.1181807;-7.33;-1.259995;6.18;1.775838;356.5644;358.8346;0;0;1.923077
7.22;False;-0.04998387;-0.01349604;0.1244505;-7.33;-1.259995;6.18;2.654926;356.7467;358.5654;0;0;1.923077
7.24;False;-0.005331159;-0.03447723;0.06726732;-7.33;-1.259995;6.18;3.27595;356.9202;358.4444;0;0;1.923077
7.26;False;0.03066695;-0.1142444;0.02530187;-7.33;-1.259995;6.18;3.737431;357.1661;358.354;0;0;1.923077
7.28;False;0.06266107;-0.1500755;-0.08638631;-7.33;-1.259995;6.18;3.716262;357.32;358.3231;0;0;1.923077
7.3;False;0.06266107;-0.1500755;-0.08638631;-7.33;-1.259995;6.18;3.053909;357.4289;358.2537;0;0;1.923077
7.32;False;0.08280499;-0.1467817;-0.07098465;-7.33;-1.259995;6.18;1.436966;357.3439;358.2974;0;0;1.923077
7.34;False;0.08280499;-0.1467817;-0.07098465;-7.33;-1.259995;6.18;0.5890409;357.3753;358.2882;0;0;1.923077
7.36;False;0.04157206;-0.06953202;0.1694172;-7.33;-1.259995;6.18;0.2039205;357.4262;358.4826;0;0;1.923077
7.38;False;0.02784366;0.007052696;-0.02312081;-7.33;-1.259995;6.18;359.8716;357.1426;358.4627;0;0;1.923077
7.4;False;0.02495851;0.1116818;-0.09813113;-7.33;-1.259995;6.18;359.6638;356.9404;358.4828;0;0;1.923077
7.42;False;0.03646382;0.1932137;-0.08682328;-7.33;-1.259995;6.18;359.5277;356.6931;358.4896;0;0;1.923077
7.44;False;0.03646382;0.1932137;-0.08682328;-7.33;-1.259995;6.18;359.4695;356.4488;358.6435;0;0;1.923077
7.46;False;0.007151275;0.2237846;-0.03696247;-7.33;-1.259995;6.18;359.6931;356.1882;358.9022;0;0;1.923077
7.48;False;-0.05985532;0.2013196;-0.03917205;-7.33;-1.259995;6.18;0.5203855;355.9133;359.0516;0;0;1.923077
7.5;False;-0.08208109;0.1794836;-0.02351315;-7.33;-1.259995;6.18;1.044674;356.0035;359.0487;0;0;1.923077
7.52;False;-0.0786643;0.104461;0.05970567;-7.33;-1.259995;6.18;1.58765;356.1475;358.9911;0;0;1.923077
7.54;False;-0.0786643;0.104461;0.05970567;-7.33;-1.259995;6.18;2.310797;356.1928;358.8318;0;0;1.923077
7.56;False;-0.04702466;-0.01125263;0.1301836;-7.33;-1.259995;6.18;3.423882;356.29;358.6106;0;0;1.923077
7.58;False;0.008834809;-0.0953934;0.03966102;-7.33;-1.259995;6.18;5.148378;356.7631;358.4738;0;0;1.923077
7.6;False;0.03155649;-0.1066482;-0.05978568;-7.33;-1.259995;6.18;5.401119;356.92;358.4655;0;0;2.083333
7.62;False;0.05229043;-0.1485334;-0.1216202;-7.33;-1.259995;6.18;4.951251;357.0369;358.396;0;0;2.083333
7.64;False;0.05229043;-0.1485334;-0.1216202;-7.33;-1.259995;6.18;4.310417;357.099;358.3378;0;0;2.083333
7.66;False;0.06449173;-0.1336444;-0.1222956;-7.33;-1.259995;6.18;3.359224;357.1341;358.3503;0;0;2.083333
7.68;False;0.03904925;-0.08740158;-0.03514307;-7.33;-1.259995;6.18;1.154188;357.174;358.23;0;0;2.083333
7.7;False;0.03962721;-0.0349907;0.08224235;-7.33;-1.259995;6.18;0.3419304;357.2164;358.1651;0;0;2.083333
7.72;False;0.0340776;-0.01169394;0.2193614;-7.33;-1.259995;6.18;0.4461891;357.4087;358.2697;0;0;2.083333
7.74;False;0.01769107;0.06813739;-0.02923161;-7.33;-1.259995;6.18;0.1726829;357.254;358.3974;0;0;2.083333
7.76;False;0.01769107;0.06813739;-0.02923161;-7.33;-1.259995;6.18;359.831;356.9906;358.4762;0;0;2.083333
7.78;False;0.008676483;0.1246916;-0.09998407;-7.33;-1.259995;6.18;359.6234;356.903;358.5124;0;0;2.083333
7.8;False;0.0261215;0.1600959;-0.05942273;-7.33;-1.259995;6.18;359.4637;356.8551;358.5754;0;0;2.083333
7.82;False;0.001980014;0.2053558;-0.01810302;-7.33;-1.259995;6.18;359.4887;356.5569;358.7139;0;0;2.083333
7.84;False;-0.01429991;0.2158036;-0.03068835;-7.33;-1.259995;6.18;359.9166;356.2727;358.7263;0;0;2.083333
7.86;False;-0.04273369;0.2116192;-0.02709933;-7.33;-1.259995;6.18;0.4329521;356.3333;358.7248;0;0;2.083333
7.88;False;-0.05381273;0.1686547;0.01242788;-7.33;-1.259995;6.18;0.9838628;356.4134;358.6614;0;0;2.083333
7.9;False;-0.02837241;-0.02700433;0.1339446;-7.33;-1.259995;6.18;2.654642;356.4561;358.4348;0;0;2.083333
7.92;False;0.006301031;-0.000391422;0.109748;-7.33;-1.259995;6.18;3.510769;356.5535;358.3439;0;0;2.083333
7.94;False;0.02136035;-0.06003189;0.02365571;-7.33;-1.259995;6.18;4.047958;356.6776;358.3717;0;0;2.083333
7.96;False;0.0103078;-0.09879911;-0.07155301;-7.33;-1.259995;6.18;4.234367;356.8207;358.4063;0;0;2.083333
7.98;False;0.0103078;-0.09879911;-0.07155301;-7.33;-1.259995;6.18;3.948823;356.9749;358.4104;0;0;2.631578
8;False;0.04795539;-0.1447877;-0.09275869;-7.33;-1.259995;6.18;2.413122;357.1471;358.2204;0;0;2.631578
8.02;False;0.06497705;-0.1233117;-0.05926409;-7.33;-1.259995;6.18;1.396527;357.134;358.1222;0;0;2.631578
8.04;False;0.05457187;-0.04974114;0.1378064;-7.33;-1.259995;6.18;0.551099;357.1558;358.071;0;0;2.631578
8.059999;False;0.05457187;-0.04974114;0.1378064;-7.33;-1.259995;6.18;0.4884911;357.4309;358.1315;0;0;2.631578
8.08;False;0.01237714;0.03135189;-0.01661533;-7.33;-1.259995;6.18;0.1370001;357.3875;358.173;0;0;2.631578
8.099999;False;0.01237714;0.03135189;-0.01661533;-7.33;-1.259995;6.18;359.3634;357.1991;358.1964;0;0;2.631578
8.12;False;0.02056127;0.1470888;-0.0768782;-7.33;-1.259995;6.18;359.3358;357.1107;358.2834;0;0;2.631578
8.139999;False;0.001602986;0.2025608;-0.05111335;-7.33;-1.259995;6.18;359.3442;356.9875;358.4185;0;0;2.631578
8.16;False;0.001602986;0.2025608;-0.05111335;-7.33;-1.259995;6.18;359.4243;356.9067;358.5748;0;0;2.631578
8.179999;False;-0.03630967;0.2065909;-0.01932842;-7.33;-1.259995;6.18;359.7178;356.8131;358.584;0;0;2.631578
8.2;False;-0.0321542;0.177986;-0.01863686;-7.33;-1.259995;6.18;0.7185367;356.7947;358.6053;0;0;2.631578
8.22;False;-0.03633001;0.0764579;0.04527901;-7.33;-1.259995;6.18;1.259189;356.7946;358.6081;0;0;2.631578
8.24;False;-0.02895095;-0.004488177;0.08426324;-7.33;-1.259995;6.18;1.997259;356.8058;358.49;0;0;2.631578
8.26;False;-0.02151758;-0.02656438;0.1102584;-7.33;-1.259995;6.18;2.766175;356.8806;358.37;0;0;2.631578
8.28;False;-0.01457904;-0.06894649;0.07017695;-7.33;-1.259995;6.18;3.992687;357.2157;358.4264;0;0;2.631578
8.3;False;0.02393977;-0.1802784;-0.03276812;-7.33;-1.259995;6.18;3.931242;357.411;358.349;0;0;2.631578
8.32;False;0.07802776;-0.1937846;-0.09792248;-7.33;-1.259995;6.18;3.276893;357.3731;358.1762;0;0;2.631578
8.34;False;0.07802776;-0.1937846;-0.09792248;-7.33;-1.259995;6.18;2.268806;357.2969;358.053;0;0;2.631578
8.36;False;0.1023433;-0.1360247;-0.1014735;-7.33;-1.259995;6.18;1.270552;357.2188;358.093;0;0;2.631578
8.38;False;0.01572217;-0.03779289;0.03512321;-7.33;-1.259995;6.18;359.4658;357.3074;358.2932;0;0;2.631578
8.4;False;-0.006219596;-0.0192921;0.2142593;-7.33;-1.259995;6.18;359.2941;357.6549;358.4598;0;0;2.631578
8.42;False;-0.0252093;0.01134181;0.04116955;-7.33;-1.259995;6.18;358.8621;357.7827;358.5487;0;0;2.631578
8.44;False;-0.0252093;0.01134181;0.04116955;-7.33;-1.259995;6.18;358.4256;357.7633;358.501;0;0;2.631578
8.46;False;-0.03145285;0.07833751;-0.07104246;-7.33;-1.259995;6.18;358.2344;357.8035;358.4619;0;0;2.631578
8.48;False;0.008114554;0.1706251;-0.05554852;-7.33;-1.259995;6.18;357.9559;357.886;358.3743;0;0;2.631578
8.5;False;0.008498237;0.1976538;-0.05197724;-7.33;-1.259995;6.18;358.2098;357.7697;358.3915;0;0;1.923079
8.52;False;-0.006468444;0.2191905;-0.04061912;-7.33;-1.259995;6.18;358.3678;357.6479;358.3929;0;0;1.923079
8.54;False;-0.006468444;0.2191905;-0.04061912;-7.33;-1.259995;6.18;358.7752;357.5847;358.4142;0;0;1.923079
8.559999;False;-0.04459167;0.1966634;0.0005986843;-7.33;-1.259995;6.18;359.372;357.675;358.3153;0;0;1.923079
8.58;False;0.003123507;0.02919347;0.1285854;-7.33;-1.259995;6.18;1.077395;357.7708;357.8691;0;0;1.923079
8.599999;False;0.04563867;0.03234449;0.1326596;-7.33;-1.259995;6.18;2.117957;357.7698;357.8467;0;0;1.923079
8.62;False;0.05422917;-0.01759289;0.04310109;-7.33;-1.259995;6.18;2.87848;357.7673;357.9358;0;0;1.923079
8.639999;False;0.03883041;-0.0533816;-0.06949494;-7.33;-1.259995;6.18;3.265729;357.7889;358.0432;0;0;1.923079
8.66;False;0.05614141;-0.1038568;-0.1404991;-7.33;-1.259995;6.18;3.235499;357.753;358.0808;0;0;1.923079
8.679999;False;0.05935644;-0.131594;-0.1269946;-7.33;-1.259995;6.18;2.613508;357.6954;358.0987;0;0;1.923079
8.7;False;0.05935644;-0.131594;-0.1269946;-7.33;-1.259995;6.18;1.419876;357.5205;358.1285;0;0;1.923079
8.72;False;0.02600345;-0.08125193;-0.05443271;-7.33;-1.259995;6.18;0.09774551;357.3616;358.2031;0;0;1.923079
8.74;False;0.02600345;-0.08125193;-0.05443271;-7.33;-1.259995;6.18;359.0591;357.3181;358.3254;0;0;1.923079
8.76;False;-0.009993933;-0.03511907;0.01549051;-7.33;-1.259995;6.18;358.4944;357.3931;358.4638;0;0;1.923079
8.78;False;-0.02415688;-0.01493132;0.1173838;-7.33;-1.259995;6.18;358.5716;357.7525;358.8111;0;0;1.923079
8.8;False;-0.04011703;0.08567475;-0.06635242;-7.33;-1.259995;6.18;358.304;357.6623;358.7076;0;0;1.923079
8.82;False;-0.01332751;0.1266692;-0.06117546;-7.33;-1.259995;6.18;358.2027;357.7688;358.544;0;0;1.923079
8.84;False;-0.004862123;0.1947167;-0.04327669;-7.33;-1.259995;6.18;358.3562;357.7647;358.5248;0;0;1.923079
8.86;False;0.004475578;0.2153087;-0.04265511;-7.33;-1.259995;6.18;358.4427;357.7373;358.5248;0;0;1.923079
8.88;False;0.004475578;0.2153087;-0.04265511;-7.33;-1.259995;6.18;358.8125;357.618;358.5182;0;0;1.923079
8.9;False;-0.02848414;0.1895203;-0.0417828;-7.33;-1.259995;6.18;359.7885;357.5238;358.5908;0;0;1.923079
8.92;False;-0.03925728;0.05931722;0.04651483;-7.33;-1.259995;6.18;0.4843891;357.5501;358.4652;0;0;1.923079
8.94;False;-0.01690072;-0.02269771;0.1378482;-7.33;-1.259995;6.18;1.481554;357.4923;358.226;0;0;1.923079
8.96;False;0.007781975;-0.02221789;0.1059633;-7.33;-1.259995;6.18;2.374618;357.4768;358.1602;0;0;1.923079
8.98;False;0.007781975;-0.02221789;0.1059633;-7.33;-1.259995;6.18;3.020329;357.5791;358.1233;0;0;1.923079
9;False;0.04617301;-0.06062179;-0.005358422;-7.33;-1.259995;6.18;3.216007;357.5636;358.1161;0;0;1.923079
9.02;False;0.06307244;-0.1039733;-0.1081399;-7.33;-1.259995;6.18;2.832836;357.5245;358.1663;0;0;1.923079
9.04;False;0.02411648;-0.1471206;-0.09706549;-7.33;-1.259995;6.18;0.5931264;357.6134;358.0685;0;0;1.851852
9.059999;False;0.02411648;-0.1471206;-0.09706549;-7.33;-1.259995;6.18;0.5931264;357.6134;358.0685;0;0;1.851852
9.08;False;0.03422823;-0.1314442;-0.03964942;-7.33;-1.259995;6.18;359.6377;357.6939;357.9339;0;0;1.851852
9.099999;False;0.04301088;-0.05601906;0.2691838;-7.33;-1.259995;6.18;359.5983;358.0121;358.0404;0;0;1.851852
9.12;False;-0.01265981;0.04769631;-0.05724266;-7.33;-1.259995;6.18;358.1861;357.719;358.1647;0;0;1.851852
9.139999;False;-0.02761839;0.09359772;-0.1147728;-7.33;-1.259995;6.18;358.2633;357.5897;358.1213;0;0;1.851852
9.16;False;-0.02761839;0.09359772;-0.1147728;-7.33;-1.259995;6.18;358.2633;357.5897;358.1213;0;0;1.851852
9.179999;False;0.005411059;0.1600551;-0.08416328;-7.33;-1.259995;6.18;358.3012;357.588;357.9758;0;0;1.851852
9.2;False;0.02782103;0.2437018;-0.06632748;-7.33;-1.259995;6.18;358.4495;357.4354;358.0176;0;0;1.851852
9.22;False;-0.02224515;0.2607536;-0.06514356;-7.33;-1.259995;6.18;359.255;356.9796;358.3263;0;0;1.851852
9.24;False;-0.04493159;0.1804212;-0.01449696;-7.33;-1.259995;6.18;0.2436467;356.8023;358.4352;0;0;1.851852
9.26;False;-0.0650591;0.04768619;0.06880181;-7.33;-1.259995;6.18;1.303251;356.8298;358.126;0;0;1.851852
9.28;False;-0.02643073;-0.04250396;0.1123397;-7.33;-1.259995;6.18;2.283834;356.7387;357.915;0;0;1.851852
9.3;False;0.01066804;-0.01510053;0.09950946;-7.33;-1.259995;6.18;3.043197;356.8192;357.9318;0;0;1.851852
9.32;False;0.02995522;-0.08386546;0.02826113;-7.33;-1.259995;6.18;3.515936;356.8719;358.0138;0;0;1.851852
9.34;False;0.03792355;-0.1178278;-0.07530657;-7.33;-1.259995;6.18;3.526385;356.8801;358.0809;0;0;1.851852
9.36;False;0.03617828;-0.1600477;-0.1129786;-7.33;-1.259995;6.18;3.109908;356.8978;358.0858;0;0;1.851852
9.38;False;0.03617828;-0.1600477;-0.1129786;-7.33;-1.259995;6.18;2.410895;356.9329;358.1241;0;0;1.851852
9.4;False;0.04089165;-0.1568095;-0.08140649;-7.33;-1.259995;6.18;1.470606;356.934;358.1582;0;0;1.851852
9.42;False;0.04208038;-0.1256975;-0.06887428;-7.33;-1.259995;6.18;0.5597278;356.9374;358.1679;0;0;1.851852
9.44;False;0.000469901;-0.06636368;0.219181;-7.33;-1.259995;6.18;359.4458;357.5378;358.3605;0;0;1.851852
9.46;False;0.000469901;-0.06636368;0.219181;-7.33;-1.259995;6.18;359.4458;357.5378;358.3605;0;0;1.851852
9.48;False;-0.009184585;0.004904008;-0.006882081;-7.33;-1.259995;6.18;359.005;357.4505;358.2834;0;0;1.851852
9.5;False;0.004346154;0.1406762;-0.1051827;-7.33;-1.259995;6.18;358.751;357.3909;358.3414;0;0;1.851852
9.52;False;0.02791448;0.1782295;-0.04911463;-7.33;-1.259995;6.18;358.6741;357.364;358.3813;0;0;2.083331
9.54;False;0.02231697;0.2242404;-0.02562263;-7.33;-1.259995;6.18;358.6476;357.2573;358.4604;0;0;2.083331
9.559999;False;0.02231697;0.2242404;-0.02562263;-7.33;-1.259995;6.18;358.7957;357.053;358.5497;0;0;2.083331
9.58;False;-0.004055254;0.2330649;-0.05321031;-7.33;-1.259995;6.18;359.1364;356.808;358.6135;0;0;2.083331
9.599999;False;-0.021607;0.2068616;-0.03281511;-7.33;-1.259995;6.18;359.5011;356.6924;358.5913;0;0;2.083331
9.62;False;-0.05476206;0.01299006;0.1265139;-7.33;-1.259995;6.18;0.8302991;356.63;358.3554;0;0;2.083331
9.639999;False;-0.008890621;0.0515834;0.1435112;-7.33;-1.259995;6.18;1.891723;356.5877;358.3043;0;0;2.083331
9.66;False;0.02718168;-0.01790039;0.09345635;-7.33;-1.259995;6.18;2.874237;356.5598;358.3985;0;0;2.083331
9.679999;False;0.02718168;-0.01790039;0.09345635;-7.33;-1.259995;6.18;3.570954;356.5669;358.5027;0;0;2.083331
9.7;False;0.02214367;-0.1016953;-0.0208372;-7.33;-1.259995;6.18;3.644768;356.5377;358.6038;0;0;2.083331
9.719999;False;0.0102437;-0.1640932;-0.1074754;-7.33;-1.259995;6.18;2.295333;356.6175;358.5907;0;0;2.083331
9.74;False;0.007627881;-0.1401445;-0.05887874;-7.33;-1.259995;6.18;1.266222;356.6964;358.5479;0;0;2.083331
9.76;False;0.007627881;-0.1401445;-0.05887874;-7.33;-1.259995;6.18;0.235749;356.7718;358.4483;0;0;2.083331
9.78;False;0.006364375;-0.1072038;-0.01593565;-7.33;-1.259995;6.18;359.3942;356.9274;358.3403;0;0;2.083331
9.8;False;0.004513412;-0.02183795;0.193846;-7.33;-1.259995;6.18;359.3856;357.3001;358.4148;0;0;2.083331
9.82;False;-0.01941917;0.07125272;-0.06243056;-7.33;-1.259995;6.18;358.8633;357.447;358.5786;0;0;2.083331
9.84;False;-0.005231746;0.1267422;-0.1192944;-7.33;-1.259995;6.18;358.7569;357.3603;358.5674;0;0;2.083331
9.86;False;0.02823462;0.1952834;-0.07585061;-7.33;-1.259995;6.18;358.7406;357.4131;358.4882;0;0;2.941175
9.88;False;0.02823462;0.1952834;-0.07585061;-7.33;-1.259995;6.18;358.863;357.4188;358.5099;0;0;2.941175
9.9;False;0.01616635;0.2578757;-0.07634146;-7.33;-1.259995;6.18;359.0351;357.2778;358.625;0;0;2.941175
9.92;False;-0.007035194;0.2549231;-0.08745314;-7.33;-1.259995;6.18;359.4083;357.0814;358.7514;0;0;2.941175
9.94;False;-0.04906924;0.1179324;0.005295633;-7.33;-1.259995;6.18;1.273562;357.1032;358.7082;0;0;2.941175
9.96;False;-0.04906924;0.1179324;0.005295633;-7.33;-1.259995;6.18;1.273562;357.1032;358.7082;0;0;2.941175
9.98;False;-0.02157429;-0.02368789;0.1210106;-7.33;-1.259995;6.18;2.53719;356.8875;358.5316;0;0;2.941175
10;False;0.04957159;-0.07432254;0.04794498;-7.33;-1.259995;6.18;3.828252;356.813;358.5608;0;0;2.941175
10.02;False;0.0233115;-0.1263818;-0.06736577;-7.33;-1.259995;6.18;3.913343;356.7953;358.7159;0;0;2.941175
10.04;False;0.01030096;-0.166943;-0.105566;-7.33;-1.259995;6.18;3.337269;356.8166;358.7075;0;0;2.941175
10.06;False;0.001079343;-0.1656403;-0.06450254;-7.33;-1.259995;6.18;2.47552;356.924;358.6971;0;0;2.941175
10.08;False;0.001079343;-0.1656403;-0.06450254;-7.33;-1.259995;6.18;1.538669;357.0586;358.6022;0;0;2.941175
10.1;False;0.009522192;-0.1358197;-0.06258596;-7.33;-1.259995;6.18;0.5780532;357.1428;358.4635;0;0;2.941175
10.12;False;0.02143376;-0.08618501;0.08209488;-7.33;-1.259995;6.18;0.1433065;357.4193;358.4056;0;0;2.941175
10.14;False;0.01904605;0.008974602;0.01065628;-7.33;-1.259995;6.18;359.0237;357.5158;358.688;0;0;2.941175
10.16;False;0.01904605;0.008974602;0.01065628;-7.33;-1.259995;6.18;359.0237;357.5158;358.688;0;0;2.941175
10.18;False;-0.005648672;0.08129004;-0.1035102;-7.33;-1.259995;6.18;358.7909;357.4186;358.6991;0;0;2.941175
10.2;False;0.02918458;0.2066898;-0.06938691;-7.33;-1.259995;6.18;358.5568;357.2345;358.707;0;0;2.941175
10.22;False;0.001403257;0.2492861;-0.06384121;-7.33;-1.259995;6.18;358.6938;356.9391;358.7999;0;0;2.941175
10.24;False;-0.02918136;0.2585418;-0.06243129;-7.33;-1.259995;6.18;359.0396;356.7172;358.8643;0;0;2.941175
10.26;False;-0.02918136;0.2585418;-0.06243129;-7.33;-1.259995;6.18;359.4971;356.6438;358.9331;0;0;2.941175
10.28;False;-0.06500801;0.2334666;-0.03792718;-7.33;-1.259995;6.18;0.1074071;356.7111;358.9288;0;0;2.941175
10.3;False;-0.06489798;0.09298875;0.01882715;-7.33;-1.259995;6.18;0.9470522;356.6642;358.6328;0;0;2.941175
10.32;False;-0.01757453;-0.09551077;0.120977;-7.33;-1.259995;6.18;2.511274;356.3809;358.1759;0;0;2.941175
10.34;False;0.0475111;-0.05767285;0.1155469;-7.33;-1.259995;6.18;2.870819;356.2606;358.2997;0;0;2.083335
10.36;False;0.07583069;-0.07743019;0.02506954;-7.33;-1.259995;6.18;2.91503;356.1476;358.445;0;0;2.083335
10.38;False;0.06236869;-0.1122612;-0.06410419;-7.33;-1.259995;6.18;2.544539;356.0264;358.644;0;0;2.083335
10.4;False;-0.021104;-0.1272881;-0.04437075;-7.33;-1.259995;6.18;0.962302;356.0405;358.752;0;0;2.083335
10.42;False;-0.02883477;-0.098983;-0.02077404;-7.33;-1.259995;6.18;359.9217;356.2114;358.6932;0;0;2.083335
10.44;False;-0.02883477;-0.098983;-0.02077404;-7.33;-1.259995;6.18;359.0657;356.3656;358.5705;0;0;2.083335
10.46;False;-0.01052599;-0.05859097;0.07004403;-7.33;-1.259995;6.18;358.8508;356.6592;358.5209;0;0;2.083335
10.48;False;0.01446748;-0.03610506;0.2508178;-7.33;-1.259995;6.18;358.6207;356.853;358.4675;0;0;2.083335
10.5;False;0.007003621;0.01771844;0.06473754;-7.33;-1.259995;6.18;358.2167;356.7906;358.3552;0;0;2.083335
10.52;False;-0.01134826;0.1342164;-0.1060953;-7.33;-1.259995;6.18;357.864;356.6353;358.1201;0;0;2.083335
10.54;False;0.007973543;0.18935;-0.07736123;-7.33;-1.259995;6.18;357.8847;356.6086;357.9896;0;0;2.083335
10.56;False;0.007098608;0.2670783;-0.0822294;-7.33;-1.259995;6.18;358.0478;356.5256;358.0115;0;0;2.083335
10.58;False;0.007098608;0.2670783;-0.0822294;-7.33;-1.259995;6.18;358.3835;356.3403;358.0892;0;0;2.083335
10.6;False;-0.02331103;0.2868234;-0.06103649;-7.33;-1.259995;6.18;358.8481;356.2117;358.1746;0;0;2.083335
10.62;False;-0.03301077;0.06855059;0.05141792;-7.33;-1.259995;6.18;0.2184615;356.2044;358.042;0;0;2.083335
10.64;False;-0.003404103;-0.04768425;0.1422105;-7.33;-1.259995;6.18;1.340922;356.1115;357.8544;0;0;2.083335
10.66;False;-0.003404103;-0.04768425;0.1422105;-7.33;-1.259995;6.18;2.212864;355.9796;357.769;0;0;2.083335
10.68;False;0.03475455;-0.03245565;0.1310055;-7.33;-1.259995;6.18;2.986912;355.9973;357.7498;0;0;2.083335
10.7;False;0.05128308;-0.08048163;0.03847348;-7.33;-1.259995;6.18;3.37488;356.0389;357.8885;0;0;2.083335
10.72;False;0.03158625;-0.1242644;-0.09556483;-7.33;-1.259995;6.18;2.863573;356.0819;358.1278;0;0;2.083335
10.74;False;0.01199004;-0.1338834;-0.08137017;-7.33;-1.259995;6.18;2.135257;356.1306;358.2108;0;0;2.500002
10.76;False;0.01199004;-0.1338834;-0.08137017;-7.33;-1.259995;6.18;1.282157;356.193;358.266;0;0;2.500002
10.78;False;0.02164184;-0.09957874;-0.06841094;-7.33;-1.259995;6.18;0.3252302;356.2233;358.269;0;0;2.500002
10.8;False;0.03629379;-0.07260291;0.002334182;-7.33;-1.259995;6.18;359.4649;356.235;358.2189;0;0;2.500002
10.82;False;0.05720966;0.02262381;0.2341057;-7.33;-1.259995;6.18;359.5092;356.3529;358.3494;0;0;2.500002
10.84;False;-0.01921753;0.1301364;-0.06707601;-7.33;-1.259995;6.18;358.9722;355.9036;358.876;0;0;2.500002
10.86;False;-0.01921753;0.1301364;-0.06707601;-7.33;-1.259995;6.18;358.9722;355.9036;358.876;0;0;2.500002
10.88;False;-0.02964159;0.2189964;-0.1372596;-7.33;-1.259995;6.18;359.0334;355.8862;359.0727;0;0;2.500002
10.9;False;-0.03982055;0.259087;-0.1019837;-7.33;-1.259995;6.18;359.425;356.0125;359.2708;0;0;2.500002
10.92;False;-0.07580638;0.1890174;-0.0566047;-7.33;-1.259995;6.18;0.7170167;355.9187;359.4583;0;0;2.500002
10.94;False;-0.03903894;0.06385353;0.04265019;-7.33;-1.259995;6.18;1.604956;356.0239;359.3718;0;0;2.500002
10.96;False;-0.006580525;-0.03245915;0.118871;-7.33;-1.259995;6.18;2.755856;356.0691;359.2822;0;0;2.500002
10.98;False;0.02762695;-0.07332905;0.1123047;-7.33;-1.259995;6.18;4.785122;355.9663;359.2954;0;0;2.500002
11;False;0.03916572;-0.138318;-0.01240402;-7.33;-1.259995;6.18;5.22195;356.0101;359.2437;0;0;2.500002
11.02;False;0.03516041;-0.1245919;-0.1454069;-7.33;-1.259995;6.18;4.861617;356.0561;359.1153;0;0;2.500002
11.04;False;0.03516041;-0.1245919;-0.1454069;-7.33;-1.259995;6.18;4.133428;356.0101;358.9814;0;0;2.500002
11.06;False;0.02202083;-0.1294508;-0.1281034;-7.33;-1.259995;6.18;3.47923;356.054;359.0165;0;0;2.500002
11.08;False;0.01522943;-0.1151746;-0.05211928;-7.33;-1.259995;6.18;2.546387;356.1356;359.1224;0;0;2.500002
11.1;False;0.03041814;-0.0925063;-0.02896247;-7.33;-1.259995;6.18;1.491264;356.2234;359.1513;0;0;2.500002
11.12;False;0.01280349;-0.007467166;0.007659382;-7.33;-1.259995;6.18;359.7204;356.2187;359.1275;0;0;2.500002
11.14;False;0.01846519;0.05123116;0.1411177;-7.33;-1.259995;6.18;359.3398;356.2838;359.1519;0;0;2.500002
11.16;False;0.007239751;0.08167242;0.1760015;-7.33;-1.259995;6.18;359.0718;356.4112;359.2603;0;0;2.500002
11.18;False;0.007239751;0.08167242;0.1760015;-7.33;-1.259995;6.18;358.7854;356.3828;359.291;0;0;2.500002
11.2;False;-0.03069268;0.1524684;0.02344156;-7.33;-1.259995;6.18;358.5022;356.1981;359.1713;0;0;2.500002
11.22;False;-0.04786026;0.2011147;-0.1088581;-7.33;-1.259995;6.18;358.8443;356.194;359.1175;0;0;2.083331
11.24;False;-0.03995676;0.2500989;-0.1107177;-7.33;-1.259995;6.18;359.2717;356.1525;359.0199;0;0;2.083331
11.26;False;-0.03253932;0.2063798;-0.1038001;-7.33;-1.259995;6.18;0.06427012;356.0791;359.0522;0;0;2.083331
11.28;False;-0.03317211;0.1707224;-0.05394819;-7.33;-1.259995;6.18;0.8741205;355.9255;359.0467;0;0;2.083331
11.3;False;0.0009511252;0.04421153;0.0797722;-7.33;-1.259995;6.18;1.751842;355.7865;358.9698;0;0;2.083331
11.32;False;0.07072457;-0.1206272;0.09070463;-7.33;-1.259995;6.18;2.98177;355.5928;358.6562;0;0;2.083331
11.34;False;0.04118119;-0.1015294;-0.02785811;-7.33;-1.259995;6.18;3.033823;355.5212;358.6125;0;0;2.083331
11.36;False;0.04118119;-0.1015294;-0.02785811;-7.33;-1.259995;6.18;2.612286;355.5965;358.6412;0;0;2.083331
11.38;False;0.02439374;-0.139216;-0.09080887;-7.33;-1.259995;6.18;1.973641;355.6852;358.6463;0;0;2.083331
11.4;False;-0.01147247;-0.1513561;-0.07096092;-7.33;-1.259995;6.18;1.182508;355.7925;358.7304;0;0;2.083331
11.42;False;-0.02007462;-0.1204559;-0.009445652;-7.33;-1.259995;6.18;359.4003;356.1449;358.7556;0;0;2.083331
11.44;False;0.007533059;-0.07008468;0.008268159;-7.33;-1.259995;6.18;358.7243;356.4196;358.5639;0;0;2.083331
11.46;False;0.01358711;-0.02063635;0.1457237;-7.33;-1.259995;6.18;358.4931;356.7256;358.5195;0;0;2.083331
11.48;False;0.007572673;0.02388025;0.1462103;-7.33;-1.259995;6.18;358.0803;356.8931;358.4486;0;0;2.083331
11.5;False;0.000262423;0.09689091;0.01703168;-7.33;-1.259995;6.18;357.8195;356.9099;358.282;0;0;2.083331
11.52;False;-0.01865854;0.1414382;-0.08525295;-7.33;-1.259995;6.18;357.7666;356.8632;358.1401;0;0;2.083331
11.54;False;0.03064825;0.2567218;-0.09307513;-7.33;-1.259995;6.18;357.9966;356.7475;358.0763;0;0;2.083331
11.56;False;-0.0008134923;0.2654936;-0.09377099;-7.33;-1.259995;6.18;358.4602;356.6115;358.1589;0;0;2.083331
11.58;False;-0.0008134923;0.2654936;-0.09377099;-7.33;-1.259995;6.18;359.0733;356.3571;358.3467;0;0;2.083331
11.6;False;-0.03006309;0.2216184;-0.08201548;-7.33;-1.259995;6.18;359.7766;356.1088;358.4605;0;0;2.083331
11.62;False;-0.0297949;0.1042853;-0.001387628;-7.33;-1.259995;6.18;0.596196;355.9983;358.4366;0;0;2.083331
11.64;False;0.04935248;-0.07301932;0.1330442;-7.33;-1.259995;6.18;2.395061;355.6612;358.1403;0;0;2.083331
11.66;False;0.04935248;-0.07301932;0.1330442;-7.33;-1.259995;6.18;2.78218;355.4221;358.1971;0;0;2.083331
11.68;False;0.06448925;-0.07508642;0.03703522;-7.33;-1.259995;6.18;2.943321;355.2951;358.2839;0;0;2.083331
11.7;False;0.04832503;-0.1382884;-0.04455611;-7.33;-1.259995;6.18;2.752728;355.2769;358.4065;0;0;2.083331
11.72;False;0.0003686539;-0.1643933;-0.06451996;-7.33;-1.259995;6.18;1.587012;355.2986;358.4614;0;0;2
11.74;False;0.01561833;-0.1176897;-0.02717372;-7.33;-1.259995;6.18;0.6974115;355.3831;358.4334;0;0;2
11.76;False;-0.002107136;-0.06933004;0.04581844;-7.33;-1.259995;6.18;359.8842;355.5356;358.4294;0;0;2
11.78;False;-0.01786613;-0.0101724;0.1548205;-7.33;-1.259995;6.18;358.876;355.9441;358.4821;0;0;2
11.8;False;-0.007927441;0.02989852;0.09205806;-7.33;-1.259995;6.18;358.5536;356.2218;358.5072;0;0;2
11.82;False;-0.03240507;0.07998177;0.009927995;-7.33;-1.259995;6.18;358.1492;356.2975;358.4388;0;0;2
11.84;False;-0.04428745;0.1064939;-0.07745092;-7.33;-1.259995;6.18;358.0625;356.3719;358.2859;0;0;2
11.86;False;-0.02108128;0.2068176;-0.1216805;-7.33;-1.259995;6.18;358.1538;356.42;358.165;0;0;2
11.88;False;0.02309683;0.2757414;-0.113203;-7.33;-1.259995;6.18;358.3499;356.3921;358.1595;0;0;2
11.9;False;0.01022199;0.2790802;-0.09175245;-7.33;-1.259995;6.18;359.1012;356.2803;358.4069;0;0;2
11.92;False;-0.02242308;0.2248416;-0.04707614;-7.33;-1.259995;6.18;359.8683;356.0854;358.5551;0;0;2
11.94;False;-0.03056064;0.07002302;0.06962536;-7.33;-1.259995;6.18;0.7956172;356.0154;358.5218;0;0;2
11.96;False;-0.03056064;0.07002302;0.06962536;-7.33;-1.259995;6.18;1.845498;356.0606;358.2763;0;0;2
11.98;False;0.002664356;-0.06456441;0.1896474;-7.33;-1.259995;6.18;2.769004;356.0033;358.1207;0;0;2
12;False;0.02647062;-0.01563257;0.1250356;-7.33;-1.259995;6.18;3.293107;355.9684;358.1381;0;0;2
12.02;False;0.05989695;-0.08938757;-0.006548698;-7.33;-1.259995;6.18;3.580402;356.0492;358.1907;0;0;2
12.04;False;-8.21652E-05;-0.170201;-0.08413669;-7.33;-1.259995;6.18;3.306388;356.231;358.2794;0;0;2
12.06;False;0.001279509;-0.1823164;-0.07557277;-7.33;-1.259995;6.18;2.410239;356.4414;358.2574;0;0;2
12.08;False;0.02203334;-0.1524291;-0.02056417;-7.33;-1.259995;6.18;0.7929444;356.8137;358.0981;0;0;2
12.1;False;0.04978554;-0.07487986;0.1061147;-7.33;-1.259995;6.18;359.956;357.0718;357.9492;0;0;2
12.12;False;0.04978554;-0.07487986;0.1061147;-7.33;-1.259995;6.18;359.6429;357.3042;357.9779;0;0;2
12.14;False;0.06809146;-0.0442832;0.1927209;-7.33;-1.259995;6.18;359.1544;357.3393;358.0917;0;0;2
12.16;False;0.03932653;0.03742753;0.04486594;-7.33;-1.259995;6.18;358.7781;357.099;358.1929;0;0;2
12.18;False;0.01972562;0.07693286;-0.09551093;-7.33;-1.259995;6.18;358.7842;356.7703;358.2215;0;0;2
12.2;False;0.02531986;0.2121095;-0.191184;-7.33;-1.259995;6.18;358.8807;356.368;358.3531;0;0;2
12.22;False;0.02836403;0.2776603;-0.1057238;-7.33;-1.259995;6.18;358.9865;355.9406;358.653;0;0;2
12.24;False;-0.0454309;0.2810386;-0.02905293;-7.33;-1.259995;6.18;359.5762;355.8126;358.9771;0;0;2
12.26;False;-0.0961488;0.2542387;-0.04221079;-7.33;-1.259995;6.18;0.2417944;355.877;359.0557;0;0;2
12.28;False;-0.1175844;0.1696085;0.0100199;-7.33;-1.259995;6.18;1.150292;356.2313;358.6858;0;0;2
12.3;False;-0.09245091;-0.03976196;0.1514554;-7.33;-1.259995;6.18;2.990292;356.4604;357.876;0;0;2
12.32;False;0.08194894;-0.01478282;0.07968794;-7.33;-1.259995;6.18;3.481788;356.3055;357.661;0;0;2
12.34;False;0.08194894;-0.01478282;0.07968794;-7.33;-1.259995;6.18;3.81192;356.3129;357.6835;0;0;2
12.36;False;0.1110418;-0.0556397;-0.02769562;-7.33;-1.259995;6.18;3.934528;356.2739;357.8607;0;0;2
12.38;False;0.06181277;-0.0476011;-0.05122235;-7.33;-1.259995;6.18;3.678212;356.2776;358.112;0;0;2
12.4;False;0.01898517;-0.05207226;-0.03069427;-7.33;-1.259995;6.18;3.314402;356.3947;358.2616;0;0;2
12.42;False;0.02173685;-0.0002997174;0.02677944;-7.33;-1.259995;6.18;2.584154;356.7336;358.3759;0;0;2
12.44;False;0.02173685;-0.0002997174;0.02677944;-7.33;-1.259995;6.18;2.474071;356.847;358.4697;0;0;2
12.46;False;0.04287567;0.01879001;0.02242051;-7.33;-1.259995;6.18;2.550165;356.8615;358.5252;0;0;2
12.48;False;0.02262072;0.02937309;0.01271806;-7.33;-1.259995;6.18;2.598242;356.8379;358.5591;0;0;2
12.5;False;-0.01329526;0.01368509;-0.03372711;-7.33;-1.259995;6.18;2.615251;356.8902;358.5589;0;0;2
12.52;False;-0.01021715;0.02515244;-0.03887085;-7.33;-1.259995;6.18;2.622528;356.9319;358.5448;0;0;2
12.54;False;-0.01021715;0.02515244;-0.03887085;-7.33;-1.259995;6.18;2.611627;356.9785;358.5656;0;0;2
12.56;False;-0.02005585;0.03808162;-0.01408667;-7.33;-1.259995;6.18;2.602174;357.0113;358.6105;0;0;2
12.58;False;-0.01607903;0.0282492;-0.00573736;-7.33;-1.259995;6.18;2.582766;357.0276;358.6387;0;0;2
12.6;False;-0.02133799;0.01525116;0.007793644;-7.33;-1.259995;6.18;2.546993;357.0341;358.6214;0;0;2
12.62;False;-0.0418258;0.028733;-0.01000596;-7.33;-1.259995;6.18;2.486669;357.0582;358.4854;0;0;2
12.64;False;-0.0418258;0.028733;-0.01000596;-7.33;-1.259995;6.18;2.471471;357.1331;358.4015;0;0;2
12.66;False;-0.05862471;0.03193022;-0.001198554;-7.33;-1.259995;6.18;2.502811;357.3394;358.2898;0;0;2
12.68;False;-0.07485947;0.03920872;0.01223244;-7.33;-1.259995;6.18;2.598789;357.6942;358.1318;0;0;2
12.7;False;-0.0557771;0.05570728;0.0003615609;-7.33;-1.259995;6.18;2.729264;358.028;357.9716;0;0;2
12.72;False;0.00755178;0.03870595;-0.03308105;-7.33;-1.259995;6.18;3.03805;358.5933;357.6657;0;0;2
12.74;False;0.00755178;0.03870595;-0.03308105;-7.33;-1.259995;6.18;3.173198;358.884;357.5609;0;0;2
12.76;False;0.004734605;0.04647955;-0.02405708;-7.33;-1.259995;6.18;3.330703;359.1781;357.4957;0;0;2
12.78;False;0.01629551;0.02908494;-0.03324193;-7.33;-1.259995;6.18;3.472224;359.4117;357.4161;0;0;2
12.8;False;0.03110877;0.008965267;-0.02457926;-7.33;-1.259995;6.18;3.695961;359.881;357.3836;0;0;2
12.82;False;0.02950147;-0.006446162;-0.02163645;-7.33;-1.259995;6.18;3.788941;0.09483978;357.3824;0;0;2
12.84;False;0.02950147;-0.006446162;-0.02163645;-7.33;-1.259995;6.18;3.872423;0.3079513;357.3262;0;0;2
12.86;False;0.05457237;-0.0008394422;-0.01799306;-7.33;-1.259995;6.18;3.867194;0.4173172;357.2817;0;0;2
12.88;False;0.07657731;-0.006173382;-0.02202323;-7.33;-1.259995;6.18;3.852159;0.4329534;357.2914;0;0;2
12.9;False;0.04550069;0.003672171;0.009843997;-7.33;-1.259995;6.18;3.801049;0.4298522;357.348;0;0;2
12.92;False;0.0447535;0.01760485;0.02122592;-7.33;-1.259995;6.18;3.764907;0.4559601;357.3548;0;0;2
12.94;False;0.04365581;0.0137802;0.02257846;-7.33;-1.259995;6.18;3.701218;0.4746862;357.3295;0;0;2
12.96;False;0.04365581;0.0137802;0.02257846;-7.33;-1.259995;6.18;3.639615;0.4963611;357.2628;0;0;2
12.98;False;0.05346002;0.01220867;0.01452734;-7.33;-1.259995;6.18;3.599645;0.5004649;357.227;0;0;2
13;False;0.04807555;0.02416178;0.02139244;-7.33;-1.259995;6.18;3.471081;0.5362036;357.1954;0;0;2
13.02;False;0.02751163;0.04322787;0.03855456;-7.33;-1.259995;6.18;3.405445;0.6185872;357.1552;0;0;2
13.04;False;0.03229044;0.03839865;0.03281865;-7.33;-1.259995;6.18;3.34811;0.7314377;357.0844;0;0;2
13.06;False;0.02859051;0.02859141;0.01206408;-7.33;-1.259995;6.18;3.337507;0.8290166;357.0195;0;0;2
13.08;False;0.03769313;0.04143219;0.01201244;-7.33;-1.259995;6.18;3.326159;0.9688582;356.9605;0;0;2
13.1;False;0.03690629;0.05397394;0.007754302;-7.33;-1.259995;6.18;3.357832;1.084818;356.9114;0;0;2
13.12;False;0.06547672;0.04398563;-0.08265207;-7.33;-1.259995;6.18;3.390842;1.112132;356.9239;0;0;2
13.14;False;0.06547672;0.04398563;-0.08265207;-7.33;-1.259995;6.18;3.347719;0.993313;356.9888;0;0;2
13.16;False;0.1487546;0.006754437;-0.1386644;-7.33;-1.259995;6.18;3.350256;0.8802299;357.1617;0;0;2
13.18;False;0.02126357;-0.0153419;0.05681873;-7.33;-1.259995;6.18;3.247115;0.8277847;357.1616;0;0;2
13.2;False;0.007488393;0.02185603;0.01389663;-7.33;-1.259995;6.18;3.267501;0.6728483;357.1144;0;0;2
13.22;False;0.0770696;-0.0211401;0.1156926;-7.33;-1.259995;6.18;3.159357;0.3412924;357.2773;0;0;2
13.24;False;-0.03438684;0.04779521;0.01942552;-7.33;-1.259995;6.18;2.968102;359.7084;357.579;0;0;2
13.26;False;-0.09266277;0.02805451;0.05383753;-7.33;-1.259995;6.18;2.727314;359.9836;357.6969;0;0;2
13.28;False;-0.08513796;0.006028969;0.01018473;-7.33;-1.259995;6.18;2.761893;359.9829;357.5554;0;0;2
13.3;False;-0.04851818;0.0610066;0.03108969;-7.33;-1.259995;6.18;2.785798;0.05538893;357.408;0;0;2
13.32;False;-0.03692716;0.06698325;0.02488892;-7.33;-1.259995;6.18;2.865867;0.1206186;357.4746;0;0;2
13.34;False;-0.0859167;0.03166804;-0.0137261;-7.33;-1.259995;6.18;3.100998;0.5685254;357.6634;0;0;2
13.36;False;-0.0509407;0.01773215;0.02201922;-7.33;-1.259995;6.18;3.278633;0.8663967;357.4941;0;0;2
13.38;False;0.1967613;-0.07106892;-0.1827562;-7.33;-1.259995;6.18;3.249707;0.5640234;357.0552;0;0;2
13.4;False;0.1216096;0.05799951;0.0555436;-7.33;-1.259995;6.18;3.21645;359.9343;357.3466;0;0;2
13.42;False;0.06063225;0.03633077;-0.007625765;-7.33;-1.259995;6.18;2.872613;359.8845;357.9379;0;0;2
13.44;False;-0.01312977;0.01435503;0.01533703;-7.33;-1.259995;6.18;2.739544;359.6747;358.2954;0;0;2
13.46;False;-0.006605916;-0.01684311;-0.01455302;-7.33;-1.259995;6.18;2.602633;359.4965;358.3671;0;0;2
13.48;False;-0.006605916;-0.01684311;-0.01455302;-7.33;-1.259995;6.18;2.432254;358.9383;358.6219;0;0;2
13.5;False;-0.001546212;0.0551168;-0.01218116;-7.33;-1.259995;6.18;2.434128;358.4179;359.2334;0;0;2
13.52;False;-0.1481282;0.04002638;0.05966892;-7.33;-1.259995;6.18;2.544859;358.4192;359.7032;0;0;2
13.54;False;-0.1463955;0.06137254;0.05393739;-7.33;-1.259995;6.18;2.675811;358.7809;359.7068;0;0;2
13.56;False;-0.1506073;0.07681412;-0.0313894;-7.33;-1.259995;6.18;2.938278;359.436;0.06153691;0;0;2
13.58;False;-0.1506073;0.07681412;-0.0313894;-7.33;-1.259995;6.18;2.954645;359.4832;359.9087;0;0;2
13.6;False;-0.01836683;0.107668;-0.001015448;-7.33;-1.259995;6.18;3.113624;359.6512;0.4482121;0;0;2
13.62;False;-0.08626907;0.03578891;0.07703451;-7.33;-1.259995;6.18;3.142488;359.9818;0.7336805;0;0;2
13.64;False;-0.07737669;-0.02086761;0.2879111;-7.33;-1.259995;6.18;3.455199;0.5599801;1.060711;0;0;2
13.66;False;0.8966498;-0.566263;-3.443519;-7.33;-1.259995;6.18;2.739738;359.5122;359.9196;0;0;2
13.68;False;0.163397;0.3487345;-0.2939968;-7.33;-1.259995;6.18;2.895514;359.0149;1.325593;0;0;2
13.7;False;0.01332083;-0.02389512;0.05290196;-7.33;-1.259995;6.18;2.890559;358.7802;1.31307;0;0;0.6756759
13.72;False;-0.04786039;0.04189412;0.03844563;-7.33;-1.259995;6.18;2.838754;358.5902;1.236211;0;0;0.6756759
13.74;False;-0.01269029;0.04844025;0.0459799;-7.33;-1.259995;6.18;2.710587;358.6269;1.141616;0;0;0.6756759
13.76;False;-0.0135513;0.04050299;0.02798082;-7.33;-1.259995;6.18;2.74355;358.7769;1.101948;0;0;0.6756759
13.78;False;-0.05531907;0.05016971;-0.02781264;-7.33;-1.259995;6.18;2.781761;358.8438;1.071614;0;0;0.6756759
13.8;False;0.0001169434;0.06051745;-0.002290858;-7.33;-1.259995;6.18;2.917596;358.8913;1.052643;0;0;0.6756759
13.82;False;0.02827815;0.02802212;0.04455439;-7.33;-1.259995;6.18;3.218685;359.0012;1.025233;0;0;0.6756759
13.84;False;0.08090906;-0.01121033;-0.1586196;-7.33;-1.259995;6.18;3.085267;358.7095;0.829063;0;0;0.6756759
13.86;False;-0.01551723;0.001981519;0.008482262;-7.33;-1.259995;6.18;3.528006;359.1259;0.4930318;0;0;0.6756759
13.88;False;0.08161063;0.08464635;-0.09062822;-7.33;-1.259995;6.18;3.545552;358.6797;0.4573706;0;0;0.6756759
13.9;False;0.05061494;0.06496206;-0.02019588;-7.33;-1.259995;6.18;3.800651;358.5042;0.524653;0;0;0.6756759
13.92;False;-0.008950355;0.03318948;-0.05702436;-7.33;-1.259995;6.18;3.93687;358.4525;0.5980977;0;0;0.6756759
13.94;False;-0.03628599;0.02373116;-0.02798511;-7.33;-1.259995;6.18;4.176708;358.3768;0.4592725;0;0;0.6756759
13.96;False;-0.008391083;0.01272302;-0.02169141;-7.33;-1.259995;6.18;4.537906;358.3305;0.1729023;0;0;0.6756759
13.98;False;-0.01392531;0.03124044;0.003687986;-7.33;-1.259995;6.18;4.683851;358.3189;0.1248802;0;0;0.6756759
14;False;-0.03946898;0.003900897;-0.00352529;-7.33;-1.259995;6.18;4.921535;358.3351;0.02056072;0;0;0.6756759
14.02;False;-0.02653354;-0.01544508;-0.003484483;-7.33;-1.259995;6.18;5.144886;358.3748;359.6705;0;0;0.6756759
14.04;False;-0.02653354;-0.01544508;-0.003484483;-7.33;-1.259995;6.18;5.268948;358.337;359.195;0;0;0.6756759
14.06;False;-0.004007429;0.01377776;0.009942849;-7.33;-1.259995;6.18;5.288815;358.2687;358.7931;0;0;0.6756759
14.08;False;-0.008585365;0.04313451;0.01355279;-7.33;-1.259995;6.18;5.296621;358.1771;358.5233;0;0;0.6756759
14.1;False;-0.0229414;0.03360298;0.003196399;-7.33;-1.259995;6.18;5.324455;358.1483;358.2327;0;0;0.6756759
14.12;False;-0.07178532;0.08035938;-0.01467766;-7.33;-1.259995;6.18;5.451167;357.8428;357.3201;0;0;0.6756759
14.14;False;-0.07178532;0.08035938;-0.01467766;-7.33;-1.259995;6.18;5.459391;357.6837;356.7852;0;0;0.6756759
14.16;False;-0.1183339;0.04300051;-0.02000658;-7.33;-1.259995;6.18;5.618365;357.6077;356.2434;0;0;0.6756759
14.18;False;-0.1366161;0.03411255;-0.04472054;-7.33;-1.259995;6.18;5.803846;357.5113;355.6891;0;0;0.6756759
14.2;False;-0.1297889;0.0505976;-0.003257422;-7.33;-1.259995;6.18;5.996089;357.4774;355.1672;0;0;0.6756759
14.22;False;0.04559286;0.1320187;-0.03216793;-7.33;-1.259995;6.18;6.097083;357.6251;355.1575;0;0;0.6756759
14.24;False;-0.00356212;-0.004851299;0.009396621;-7.33;-1.259995;6.18;6.5305;357.136;354.6313;0;0;0.6756759
14.26;False;-0.08151216;0.0130522;0.04526981;-7.33;-1.259995;6.18;6.811884;357.1556;354.071;0;0;0.6756759
14.28;False;-0.09339989;0.0157269;0.03922414;-7.33;-1.259995;6.18;7.135605;357.2386;352.9323;0;0;0.6756759
14.3;False;-0.1246654;0.0445202;0.0190828;-7.33;-1.259995;6.18;7.764421;357.5428;351.6802;0;0;0.6756759
14.32;False;-0.04140159;0.09374699;0.03121208;-7.33;-1.259995;6.18;8.440489;357.8964;350.5585;0;0;0.6756759
14.34;False;0.1497041;0.131712;-0.05642014;-7.33;-1.259995;6.18;9.23254;358.1265;349.7389;0;0;0.6756759
14.36;False;0.4228263;0.1262637;-0.090294;-7.33;-1.259995;6.18;8.972713;357.8313;350.8929;0;0;0.6756759
14.38;False;0.07570207;0.04588079;0.03349198;-7.33;-1.259995;6.18;9.173071;357.5418;351.634;0;0;0.6756759
14.4;True;-0.01794149;-0.03371374;0.01794472;-7.33;-1.259995;6.18;9.218843;357.619;351.8231;0;0;0.6756759
14.42;True;-0.09021659;0.009862377;-0.02071561;-7.33;-1.259995;6.18;9.57602;358.0965;351.4689;0;0;0.6756759
14.44;True;-0.03002805;0.1021817;0.01056638;-7.33;-1.259995;6.18;10.42071;358.4648;350.6597;0;0;0.6756759
14.46;False;0.0312803;0.08355281;-0.01758078;-7.33;-1.259995;6.18;10.38147;358.8721;350.7426;0;0;0.6756759
14.48;False;0.03085061;-0.02884241;0.09909444;-7.33;-1.259995;6.18;10.42583;359.384;350.5494;0;0;0.6756759
14.5;False;0.08803754;-0.01347348;-0.03860216;-7.33;-1.259995;6.18;10.99666;359.5828;350.0779;0;0;0.6756759
14.52;False;0.09442771;0.05024799;-0.08830144;-7.33;-1.259995;6.18;11.21005;359.3034;349.7803;0;0;0.6756759
14.54;False;0.04165391;0.01089126;0.02691943;-7.33;-1.259995;6.18;11.45627;359.1309;349.6574;0;0;0.6756759
14.56;False;0.1055444;0.03908775;0.03796575;-7.33;-1.259995;6.18;11.60987;359.2155;349.5804;0;0;0.6756759
14.58;False;0.7692744;-0.002787022;0.2114963;-7.33;-1.259995;6.18;11.8062;359.2202;349.4359;0;0;0.6756759
14.6;False;0.5365791;-0.03592418;0.05322699;-7.33;-1.259995;6.18;11.80857;359.2203;349.4341;0;0;0.6756759
14.62;False;0.06597405;0.1038243;-0.5159524;-7.33;-1.259995;6.18;11.80857;359.2203;349.4341;0;0;0.6756759
14.64;False;0.2564658;0.6251543;-0.118215;-7.33;-1.259995;6.18;11.80857;359.2203;349.4341;0;0;0.6756759
14.66;False;0.05884865;-0.2048626;-0.02174364;-7.33;-1.259995;6.18;11.80857;359.2203;349.4341;0;0;0.6756759
14.68;False;-0.08271999;0.03948569;0.2758871;-7.33;-1.259995;6.18;11.80857;359.2203;349.4341;0;0;1.020408
14.7;False;-0.2191832;0.1701451;0.1673707;-7.33;-1.259995;6.18;11.80857;359.2203;349.4341;0;0;1.020408
14.72;False;-0.07056872;0.1457161;-0.03923046;-7.33;-1.259995;6.18;11.80857;359.2203;349.4341;0;0;1.020408
14.74;False;0.09884046;-0.04711496;-0.1607264;-7.33;-1.259995;6.18;11.80857;359.2203;349.4341;0;0;1.020408
14.76;False;0.04586668;0.1585886;0.04980141;-7.33;-1.259995;6.18;11.80857;359.2203;349.4341;0;0;1.020408
14.78;False;-0.08918251;0.2845374;0.2472376;-7.33;-1.259995;6.18;11.80857;359.2203;349.4341;0;0;1.020408
14.8;False;-0.009614827;0.08828459;0.2195141;-7.33;-1.259995;6.18;11.80857;359.2203;349.4341;0;0;1.020408
14.82;False;-0.1359013;0.3181453;0.04527258;-7.33;-1.259995;6.18;11.80857;359.2203;349.4341;0;0;1.020408
14.84;False;-0.1410856;0.3173669;0.04602056;-7.33;-1.259995;6.18;11.80857;359.2203;349.4341;0;0;1.020408
14.86;False;0.2563677;0.5485666;0.3009126;-7.33;-1.259995;6.18;11.80857;359.2203;349.4341;0;0;1.020408
14.88;False;0.02061844;0.4537079;-0.07578135;-7.33;-1.259995;6.18;11.80857;359.2203;349.4341;0;0;1.020408
14.9;False;-0.05345309;0.322971;-0.02390519;-7.33;-1.259995;6.18;11.80857;359.2203;349.4341;0;0;1.020408
14.92;False;0.001741305;0.6253808;0.168411;-7.33;-1.259995;6.18;11.80857;359.2203;349.4341;0;0;1.020408
14.94;False;0.0294118;0.3802562;0.06511211;-7.33;-1.259995;6.18;11.80857;359.2203;349.4341;0;0;1.020408
14.96;False;-0.1203636;-0.06711483;-0.06683782;-7.33;-1.259995;6.18;11.80857;359.2203;349.4341;0;0;1.020408
14.98;False;-0.4533099;-0.3741049;-0.2023313;-7.33;-1.259995;6.18;11.80857;359.2203;349.4341;0;0;1.020408
15;False;-0.343755;-0.0750974;0.008188258;-7.33;-1.259995;6.18;11.80857;359.2203;349.4341;0;0;3.125003
15.02;False;-0.2186773;0.2733362;0.2321085;-7.33;-1.259995;6.18;11.80857;359.2203;349.4341;0;0;3.125003
15.04;False;-0.1112083;0.19627;0.05885261;-7.33;-1.259995;6.18;11.80857;359.2203;349.4341;0;0;3.125003
15.06;False;0.0456228;0.125595;-0.3748753;-7.33;-1.259995;6.18;11.80857;359.2203;349.4341;0;0;3.125003
15.08;False;0.2274163;0.04213559;-0.204965;-7.33;-1.259995;6.18;11.80857;359.2203;349.4341;0;0;3.125003
15.1;False;0.2160534;0.008530035;0.001409995;-7.33;-1.259995;6.18;11.80857;359.2203;349.4341;0;0;3.125003
15.12;False;0.007556047;0.1629787;-0.3729977;-7.33;-1.259995;6.18;11.80857;359.2203;349.4341;0;0;3.125003
15.14;False;0.007556047;0.1629787;-0.3729977;-7.33;-1.259995;6.18;11.80857;359.2203;349.4341;0;0;3.125003
15.16;False;0.0810725;0.1614287;-0.2725172;-7.33;-1.259995;6.18;11.80857;359.2203;349.4341;0;0;3.125003
15.18;False;0.1735447;0.09902295;-0.05383906;-7.33;-1.259995;6.18;11.80857;359.2203;349.4341;0;0;3.125003
15.2;False;0.1014165;0.2077291;-0.1016802;-7.33;-1.259995;6.18;11.80857;359.2203;349.4341;0;0;3.125003
15.22;False;-0.03464774;0.3819886;-0.3083435;-7.33;-1.259995;6.18;11.80857;359.2203;349.4341;0;0;3.125003
15.24;False;-0.0789942;0.3424484;-0.3194349;-7.33;-1.259995;6.18;11.80857;359.2203;349.4341;0;0;3.125003
15.26;False;-0.0789942;0.3424484;-0.3194349;-7.33;-1.259995;6.18;11.80857;359.2203;349.4341;0;0;3.125003
15.28;False;-0.04588204;0.1992872;-0.1933869;-7.33;-1.259995;6.18;11.80857;359.2203;349.4341;0;0;3.125003
15.3;False;-0.053746;0.1989978;-0.1801463;-7.33;-1.259995;6.18;11.80857;359.2203;349.4341;0;0;3.125003
15.32;False;-0.07120467;0.2600105;-0.2351688;-7.33;-1.259995;6.18;11.80857;359.2203;349.4341;0;0;3.125003
15.34;False;-0.06027349;0.1907827;-0.1345369;-7.33;-1.259995;6.18;11.80857;359.2203;349.4341;0;0;3.125003
15.36;False;-0.05335629;0.134941;-0.07552636;-7.33;-1.259995;6.18;11.80857;359.2203;349.4341;0;0;3.125003
15.38;False;-0.09726659;0.07009687;-0.1696298;-7.33;-1.259995;6.18;11.80857;359.2203;349.4341;0;0;3.125003
15.4;False;-0.008088561;0.1741947;-0.1191958;-7.33;-1.259995;6.18;11.80857;359.2203;349.4341;0;0;3.125003
15.42;False;-0.0480178;0.06936263;-0.100794;-7.33;-1.259995;6.18;11.80857;359.2203;349.4341;0;0;3.125003
15.44;False;-0.05365733;-0.03352468;-0.02029764;-7.33;-1.259995;6.18;11.80857;359.2203;349.4341;0;0;3.125003
15.46;False;0.0001789358;0.03305823;-0.009804514;-7.33;-1.259995;6.18;11.80857;359.2203;349.4341;0;0;3.125003
15.48;False;-0.006552879;0.1002218;-0.1324286;-7.33;-1.259995;6.18;11.80857;359.2203;349.4341;0;0;3.125003
15.5;False;-0.006552879;0.1002218;-0.1324286;-7.33;-1.259995;6.18;11.80857;359.2203;349.4341;0;0;3.125003
15.52;False;-0.02032415;0.009076518;-0.02581421;-7.33;-1.259995;6.18;11.80857;359.2203;349.4341;0;0;3.125003
15.54;False;0.03748748;-0.09703693;0.1131592;-7.33;-1.259995;6.18;11.80857;359.2203;349.4341;0;0;3.125003
15.56;False;0.04526212;0.01786438;-0.07371309;-7.33;-1.259995;6.18;11.80857;359.2203;349.4341;0;0;3.125003
15.58;False;0.009863155;0.1046546;-0.1847693;-7.33;-1.259995;6.18;11.80857;359.2203;349.4341;0;0;3.125003
15.6;False;0.05496081;0.06312889;0.07001942;-7.33;-1.259995;6.18;11.80857;359.2203;349.4341;0;0;3.125003
15.62;False;0.05496081;0.06312889;0.07001942;-7.33;-1.259995;6.18;11.80857;359.2203;349.4341;0;0;3.125003
15.64;False;0.02702115;0.1316362;-0.01158697;-7.33;-1.259995;6.18;11.80857;359.2203;349.4341;0;0;3.125003
15.66;False;0.0261077;0.1358791;-0.1181907;-7.33;-1.259995;6.18;11.80857;359.2203;349.4341;0;0;1.515152
15.68;False;0.06401742;-0.0546057;0.03774952;-7.33;-1.259995;6.18;11.80857;359.2203;349.4341;0;0;1.515152
15.7;False;0.02636269;0.02991484;-0.06723182;-7.33;-1.259995;6.18;0;0;0;0;0;1.515152
15.72;False;-0.02651003;0.0959238;-0.09152818;-7.33;-1.259995;6.18;0;0;0;0;0;1.515152
15.74;False;-0.06592442;-0.05299409;-0.006002421;-7.33;-1.259995;6.18;0;0;0;0;0;1.515152
15.76;False;-0.06592442;-0.05299409;-0.006002421;-7.33;-1.259995;6.18;0;0;0;0;0;1.515152
15.78;False;-0.05043567;-0.1650067;0.0707837;-7.33;-1.259995;6.18;0;0;0;0;0;1.515152
15.8;False;-0.03568731;0.09422807;-0.07940723;-7.33;-1.259995;6.18;0;0;0;0;0;1.515152
15.82;False;-0.0959843;0.05042707;-0.07413514;-7.33;-1.259995;6.18;0;0;0;0;0;1.515152
15.84;False;-0.0959843;0.05042707;-0.07413514;-7.33;-1.259995;6.18;0;0;0;0;0;1.515152
15.86;False;-0.1183573;0.02386578;-0.02910245;-7.33;-1.259995;6.18;0;0;0;0;0;1.515152
15.88;False;-0.08145226;0.101369;0.008592419;-7.33;-1.259995;6.18;0;0;0;0;0;1.515152
15.9;False;0.01439058;0.1487653;0.03540906;-7.33;-1.259995;6.18;0;0;0;0;0;1.515152
15.92;False;-0.02744445;0.129026;0.05479179;-7.33;-1.259995;6.18;0;0;0;0;0;1.515152
15.94;False;-0.1268876;0.09468453;0.04948508;-7.33;-1.259995;6.18;0;0;0;0;0;1.515152
15.96;False;-0.133835;0.07642749;-0.02194521;-7.33;-1.259995;6.18;0;0;0;0;0;1.515152
15.98;False;-0.08211959;0.1198693;-0.1170839;-7.33;-1.259995;6.18;0;0;0;0;0;1.515152
16;False;0.02295855;0.06244998;0.02998167;-7.33;-1.259995;6.18;0;0;0;0;0;1.515152
16.02;False;-0.06810516;0.004067531;0.03877218;-7.33;-1.259995;6.18;0;0;0;0;0;1.515152
16.04;False;-0.06810516;0.004067531;0.03877218;-7.33;-1.259995;6.18;0;0;0;0;0;1.515152
16.06;False;-0.1176071;-0.007651012;-0.01227616;-7.33;-1.259995;6.18;0;0;0;0;0;1.515152
16.08;False;-0.05976347;0.06892974;-0.05667286;-7.33;-1.259995;6.18;0;0;0;0;0;1.515152
16.1;False;-0.01211884;0.02944;-0.0224827;-7.33;-1.259995;6.18;0;0;0;0;0;1.515152
16.12;False;0.01818901;0.005049515;-0.02243797;-7.33;-1.259995;6.18;0;0;0;0;0;1.515152
16.14;False;-0.009239274;0.06318862;-0.03970624;-7.33;-1.259995;6.18;0;0;0;0;0;1.515152
16.16;False;-0.02910048;0.07233876;-0.01130184;-7.33;-1.259995;6.18;0;0;0;0;0;1.515152
16.18;False;-0.02910048;0.07233876;-0.01130184;-7.33;-1.259995;6.18;0;0;0;0;0;1.515152
16.2;False;-0.05557701;0.02536636;0.04273697;-7.33;-1.259995;6.18;0;0;0;0;0;1.515152
16.22;False;-0.02378117;0.03271865;0.03913277;-7.33;-1.259995;6.18;0;0;0;0;0;1.515152
16.24;False;0.02401737;0.08652102;0.02689376;-7.33;-1.259995;6.18;0;0;0;0;0;1.515152
16.26;False;-0.0389526;0.02690283;0.04009251;-7.33;-1.259995;6.18;0;0;0;0;0;1.515152
16.28;False;-0.0389526;0.02690283;0.04009251;-7.33;-1.259995;6.18;0;0;0;0;0;1.515152
16.3;False;-0.02114464;0.1203879;-0.03744971;-7.33;-1.259995;6.18;0;0;0;0;0;1.515152
16.32;False;-0.02114464;0.1203879;-0.03744971;-7.33;-1.259995;6.18;0;0;0;0;0;1.515152
16.34;False;0.005453628;0.03170312;-0.002644165;-7.33;-1.259995;6.18;0;0;0;0;0;1.515152
16.36;False;0.01319778;0.02669102;0.03354949;-7.33;-1.259995;6.18;0;0;0;0;0;1.515152
16.38;False;0.01319778;0.02669102;0.03354949;-7.33;-1.259995;6.18;0;0;0;0;0;1.515152
16.4;False;0.01880516;0.09307564;-0.05020335;-7.33;-1.259995;6.18;0;0;0;0;0;1.515152
16.42;False;0.01522642;0.03980961;-0.04801849;-7.33;-1.259995;6.18;0;0;0;0;0;1.515152
16.44;False;0.01522642;0.03980961;-0.04801849;-7.33;-1.259995;6.18;0;0;0;0;0;1.515152
16.46;False;-0.0009229051;0.03679401;-0.05535281;-7.33;-1.259995;6.18;0;0;0;0;0;1.515152
16.48;False;-0.0623651;-0.05430045;0.0007021285;-7.33;-1.259995;6.18;0;0;0;0;0;1.515152
16.5;False;-0.0623651;-0.05430045;0.0007021285;-7.33;-1.259995;6.18;0;0;0;0;0;1.515152
16.52;False;-0.06370761;-0.06070331;-0.002021877;-7.33;-1.259995;6.18;0;0;0;0;0;1.515152
16.54;False;-0.06277544;0.02521268;-0.0775179;-7.33;-1.259995;6.18;0;0;0;0;0;1.515152
16.56;False;-0.06277544;0.02521268;-0.0775179;-7.33;-1.259995;6.18;0;0;0;0;0;1.515152
16.58;False;0.0422827;-0.01032566;-0.01880071;-7.33;-1.259995;6.18;0;0;0;0;0;1.515152
16.6;False;0.01510986;-0.05757288;-0.07287112;-7.33;-1.259995;6.18;0;0;0;0;0;1.515152
16.62;False;0.01510986;-0.05757288;-0.07287112;-7.33;-1.259995;6.18;0;0;0;0;0;1.515152
16.64;False;0.06191142;0.106111;-0.1377085;-7.33;-1.259995;6.18;0;0;0;0;0;1.515152
16.66;False;0.06191142;0.106111;-0.1377085;-7.33;-1.259995;6.18;0;0;0;0;0;1.515152
16.68;False;0.08761676;0.04385016;-0.1278128;-7.33;-1.259995;6.18;0;0;0;0;0;1.515152
16.7;False;0.1565084;-0.03820588;-0.06139754;-7.33;-1.259995;6.18;0;0;0;0;0;1.515152
16.72;False;0.05799662;-0.09491615;-0.01811647;-7.33;-1.259995;6.18;0;0;0;0;0;1.515152
16.74;False;0.05799662;-0.09491615;-0.01811647;-7.33;-1.259995;6.18;0;0;0;0;0;1.515152
16.76;False;0.1982157;0.2402372;-0.1443057;-7.33;-1.259995;6.18;0;0;0;0;0;1.515152
16.78;False;0.1509521;0.1462614;-0.1400085;-7.33;-1.259995;6.18;0;0;0;0;0;0.8928565
16.8;False;0.1509521;0.1462614;-0.1400085;-7.33;-1.259995;6.18;0;0;0;0;0;0.8928565
16.82;False;0.06383209;0.03427068;0.008044137;-7.33;-1.259995;6.18;0;0;0;0;0;0.8928565
16.84;False;0.02221648;0.02682938;0.07578393;-7.33;-1.259995;6.18;0;0;0;0;0;0.8928565
16.86;False;0.02221648;0.02682938;0.07578393;-7.33;-1.259995;6.18;0;0;0;0;0;0.8928565
16.88;False;-0.01428695;-0.02192092;0.1608944;-7.33;-1.259995;6.18;0;0;0;0;0;0.8928565
16.9;False;-0.04635205;0.01799297;0.1709463;-7.33;-1.259995;6.18;0;0;0;0;0;0.8928565
16.92;False;-0.06764765;0.06047614;0.1266567;-7.33;-1.259995;6.18;0;0;0;0;0;0.8928565
16.94;False;-0.1098942;0.08835826;0.1000816;-7.33;-1.259995;6.18;0;0;0;0;0;0.8928565
16.96;False;-0.1388543;0.05797555;0.0688227;-7.33;-1.259995;6.18;0;0;0;0;0;0.8928565
16.98;False;-0.1740957;0.0694597;0.04589061;-7.33;-1.259995;6.18;0;0;0;0;0;0.8928565
17;False;-0.2368813;0.1894502;0.06922972;-7.33;-1.259995;6.18;0;0;0;0;0;0.8928565
17.02;False;-0.1656383;0.1061417;0.05894155;-7.33;-1.259995;6.18;0;0;0;0;0;0.8928565
17.04;False;-0.1331365;0.07865544;0.02511694;-7.33;-1.259995;6.18;0;0;0;0;0;0.8928565
17.06;False;-0.1359535;0.08764151;0.02399344;-7.33;-1.259995;6.18;0;0;0;0;0;0.8928565
17.08;False;-0.1359535;0.08764151;0.02399344;-7.33;-1.259995;6.18;0;0;0;0;0;0.8928565
17.1;False;-0.1107778;0.01375959;0.1137289;-7.33;-1.259995;6.18;0;0;0;0;0;0.8928565
17.12;False;-0.1347061;-0.1383359;0.105951;-7.33;-1.259995;6.18;0;0;0;0;0;0.8928565
17.14;False;-0.03627491;-0.09355237;0.06822934;-7.33;-1.259995;6.18;0;0;0;0;0;0.8928565
17.16;False;0.05538996;-0.04927056;-0.03067611;-7.33;-1.259995;6.18;0;0;0;0;0;0.8928565
17.18;False;0.07891798;0.06947386;-0.1579245;-7.33;-1.259995;6.18;0;0;0;0;0;0.8928565
17.2;False;0.07891798;0.06947386;-0.1579245;-7.33;-1.259995;6.18;0;0;0;0;0;0.8928565
17.22;False;0.05994378;0.01537504;-0.1266652;-7.33;-1.259995;6.18;0;0;0;0;0;0.8928565
17.24;False;-0.02438936;-0.07888228;-0.006642408;-7.33;-1.259995;6.18;0;0;0;0;0;0.8928565
17.26;False;-0.02457844;-0.1462562;0.008374875;-7.33;-1.259995;6.18;0;0;0;0;0;0.8928565
17.28;False;0.04925276;-0.1280626;-0.03513044;-7.33;-1.259995;6.18;0;0;0;0;0;0.8928565
17.3;False;0.1403478;0.01771069;-0.09930042;-7.33;-1.259995;6.18;0;0;0;0;0;0.8928565
17.32;False;0.119483;0.08887273;-0.08704147;-7.33;-1.259995;6.18;0;0;0;0;0;0.8928565
17.34;False;0.07061701;0.01454803;-0.03095317;-7.33;-1.259995;6.18;0;0;0;0;0;0.8928565
17.36;False;0.03152056;-0.03864837;-0.06494008;-7.33;-1.259995;6.18;0;0;0;0;0;0.8928565
17.38;False;0.03152056;-0.03864837;-0.06494008;-7.33;-1.259995;6.18;0;0;0;0;0;0.8928565
17.4;False;0.02255704;-0.03235466;-0.08970547;-7.33;-1.259995;6.18;0;0;0;0;0;0.8928565
17.42;False;0.01386359;-0.0291759;-0.07600434;-7.33;-1.259995;6.18;0;0;0;0;0;0.8928565
17.44;False;-0.04301495;-0.08376703;-0.02450749;-7.33;-1.259995;6.18;0;0;0;0;0;0.8928565
17.46;False;-0.01990213;-0.102863;0.0002236697;-7.33;-1.259995;6.18;0;0;0;0;0;0.8928565
17.48;False;0.04845304;-0.05085165;-0.02331893;-7.33;-1.259995;6.18;0;0;0;0;0;0.8928565
17.5;False;0.1394419;0.03705984;0.08433769;-7.33;-1.259995;6.18;0;0;0;0;0;0.8928565
17.52;False;0.175708;0.08924099;0.1332205;-7.33;-1.259995;6.18;0;0;0;0;0;0.8928565
17.54;False;0.07703774;0.04547445;0.07688954;-7.33;-1.259995;6.18;0;0;0;0;0;0.8928565
17.56;False;0.03811862;-0.0310515;0.03892345;-7.33;-1.259995;6.18;0;0;0;0;0;0.8928565
17.58;False;0.001210685;-0.06335768;-0.003195268;-7.33;-1.259995;6.18;0;0;0;0;0;0.8928565
17.6;False;-0.009370498;-0.07136891;-0.02377901;-7.33;-1.259995;6.18;0;0;0;0;0;0.8928565
17.62;False;0.003476071;-0.05562617;0.0009949413;-7.33;-1.259995;6.18;0;0;0;0;0;0.8928565
17.64;False;0.03823712;0.03833291;0.00443576;-7.33;-1.259995;6.18;0;0;0;0;0;0.8928565
17.66;False;0.06838892;0.04344692;0.002116791;-7.33;-1.259995;6.18;0;0;0;0;0;0.8928565
17.68;False;0.03137595;-0.02266158;0.03205455;-7.33;-1.259995;6.18;0;0;0;0;0;0.8928565
17.7;False;0.02526218;-0.03267998;0.02288997;-7.33;-1.259995;6.18;0;0;0;0;0;0.8928565
17.72;False;0.02343271;-0.03391539;0.01455438;-7.33;-1.259995;6.18;0;0;0;0;0;0.8928565
17.74;False;0.02849027;0.008453805;-0.03162155;-7.33;-1.259995;6.18;0;0;0;0;0;0.8928565
17.76;False;0.04738181;0.01446066;-0.01139296;-7.33;-1.259995;6.18;0;0;0;0;0;0.8928565
17.78;False;0.03899478;-0.02091189;0.03395171;-7.33;-1.259995;6.18;0;0;0;0;0;0.8928565
17.8;False;0.02239158;-0.04116913;0.02836084;-7.33;-1.259995;6.18;0;0;0;0;0;0.8928565
17.82;False;0.0178153;-0.01961107;-0.02778348;-7.33;-1.259995;6.18;0;0;0;0;0;0.8928565
17.84;False;0.01222093;-0.02133507;-0.03658221;-7.33;-1.259995;6.18;0;0;0;0;0;0.8928565
17.86;False;0.03182597;-0.01062795;-0.01434112;-7.33;-1.259995;6.18;0;0;0;0;0;0.8928565
17.88;False;0.03142915;-0.01769897;0.01322199;-7.33;-1.259995;6.18;0;0;0;0;0;0.8928565
17.9;False;0.02405515;-0.03660593;-0.02447161;-7.33;-1.259995;6.18;0;0;0;0;0;0.8928565
17.92;False;0.02822265;-0.03256256;-0.03342652;-7.33;-1.259995;6.18;0;0;0;0;0;0.8928565
17.94;False;0.02822265;-0.03256256;-0.03342652;-7.33;-1.259995;6.18;0;0;0;0;0;0.8928565
17.96;False;0.05248367;0.02908727;-0.02346218;-7.33;-1.259995;6.18;0;0;0;0;0;0.8928565
17.98;False;0.06509247;0.04107434;-0.0147481;-7.33;-1.259995;6.18;0;0;0;0;0;0.8928565
18;False;0.05192576;0.03707733;0.006806562;-7.33;-1.259995;6.18;0;0;0;0;0;0.8928565
18.02;False;0.04589655;0.01872606;0.0120328;-7.33;-1.259995;6.18;0;0;0;0;0;0.8928565
18.04;False;0.03415306;0.0002093318;-0.01082314;-7.33;-1.259995;6.18;0;0;0;0;0;0.8928565
18.06;False;0.04466685;0.05010139;-0.07775816;-7.33;-1.259995;6.18;0;0;0;0;0;0.8928565
18.08;False;0.04400999;0.06402419;-0.0734847;-7.33;-1.259995;6.18;0;0;0;0;0;0.8928565
18.1;False;0.03871164;0.06797469;-0.0774598;-7.33;-1.259995;6.18;0;0;0;0;0;0.8928565
18.12;False;0.04919203;0.03420692;0.007329317;-7.33;-1.259995;6.18;0;0;0;0;0;0.8928565
18.14;False;0.00935878;-0.008659773;-0.01013389;-7.33;-1.259995;6.18;0;0;0;0;0;0.8928565
18.16;False;0.03263624;0.007861599;0.02164822;-7.33;-1.259995;6.18;0;0;0;0;0;0.8928565
18.18;False;0.03263624;0.007861599;0.02164822;-7.33;-1.259995;6.18;0;0;0;0;0;0.8928565
18.2;False;0.02303448;-0.009815552;0.05067822;-7.33;-1.259995;6.18;0;0;0;0;0;0.8928565
18.22;False;0.02303448;-0.009815552;0.05067822;-7.33;-1.259995;6.18;0;0;0;0;0;0.8928565
18.24;False;-0.02457435;-0.07182541;0.1260531;-7.33;-1.259995;6.18;0;0;0;0;0;0.8928565
18.26;False;-0.02457435;-0.07182541;0.1260531;-7.33;-1.259995;6.18;0;0;0;0;0;0.8928565
18.28;False;-0.00616852;-0.05113709;0.1171211;-7.33;-1.259995;6.18;0;0;0;0;0;0.8928565
18.3;False;0.02845945;0.0146165;0.08954458;-7.33;-1.259995;6.18;0;0;0;0;0;0.8928565
18.32;False;0.05335107;-0.00759873;-0.008793284;-7.33;-1.259995;6.18;0;0;0;0;0;0.8928565
18.34;False;-0.0002534275;-0.04014468;-0.05005374;-7.33;-1.259995;6.18;0;0;0;0;0;0.8928565
18.36;False;-0.0369995;-0.09375374;-0.004992017;-7.33;-1.259995;6.18;0;0;0;0;0;0.8928565
18.38;False;-0.04207632;-0.1468316;0.01103042;-7.33;-1.259995;6.18;0;0;0;0;0;0.8928565
18.4;False;-0.05434567;-0.1239361;-0.001429736;-7.33;-1.259995;6.18;0;0;0;0;0;0.8928565
18.42;False;-0.02968501;-0.08357278;-0.01665153;-7.33;-1.259995;6.18;0;0;0;0;0;0.8928565
18.44;False;-0.02106915;-0.05866062;-0.03174948;-7.33;-1.259995;6.18;0;0;0;0;0;0.8928565
18.46;False;-0.02532646;-0.05667581;-0.02023195;-7.33;-1.259995;6.18;0;0;0;0;0;0.8928565
18.48;False;-0.03730281;-0.0839652;-0.006060867;-7.33;-1.259995;6.18;0;0;0;0;0;0.8928565
18.5;False;-0.02829096;-0.1028407;-0.003724733;-7.33;-1.259995;6.18;0;0;0;0;0;0.8928565
18.52;False;-0.05917071;-0.1197236;-0.03334945;-7.33;-1.259995;6.18;0;0;0;0;0;0.8928565
18.54;False;-0.04086354;-0.07438161;-0.1011349;-7.33;-1.259995;6.18;0;0;0;0;0;0.8928565
18.56;False;0.008364033;-0.01916993;-0.03447777;-7.33;-1.259995;6.18;0;0;0;0;0;0.8928565
18.58;False;-0.01555939;-0.06203145;0.00152995;-7.33;-1.259995;6.18;0;0;0;0;0;0.8928565
18.6;False;-0.03278736;-0.09054638;0.003266551;-7.33;-1.259995;6.18;0;0;0;0;0;0.8928565
18.62;False;-0.01220658;-0.05282292;0.03699998;-7.33;-1.259995;6.18;0;0;0;0;0;0.8928565
18.64;False;0.01444722;-0.004993974;0.05017233;-7.33;-1.259995;6.18;0;0;0;0;0;0.8928565
18.66;False;0.02118332;-0.001971193;0.01673269;-7.33;-1.259995;6.18;0;0;0;0;0;0.8928565
18.68;False;0.004399146;-0.01939398;0.01803362;-7.33;-1.259995;6.18;0;0;0;0;0;0.8928565
18.7;False;0.002205773;-0.02032733;0.05385243;-7.33;-1.259995;6.18;0;0;0;0;0;0.8928565
