4.32;False;-0.07367542;0.3089724;-0.02008312;-7.33;-1.26;6.18;11.30443;0.3812904;2.359976;0;0;0
4.34;False;0.01478727;0.2760792;0.05284109;-7.33;-1.26;6.18;11.21065;0.4627329;2.323845;0;0;0
4.36;False;-0.08725399;0.249608;-0.08455729;-7.33;-1.26;6.18;11.20927;0.4502504;2.321083;0;0;0
4.38;False;-0.08725399;0.249608;-0.08455729;-7.33;-1.26;6.18;11.20927;0.4502504;2.321083;0;0;0
4.4;False;-0.08725399;0.249608;-0.08455729;-7.33;-1.259999;6.18;11.20927;0.4502504;2.321083;0;0;0
4.42;False;-0.08725399;0.249608;-0.08455729;-7.33;-1.259999;6.18;11.20927;0.4502504;2.321083;0;0;0
4.44;False;-0.001325863;0.2394076;-0.01235664;-7.33;-1.259999;6.18;11.20052;0.4426086;2.322798;0;0;0
4.46;False;-0.001325863;0.2394076;-0.01235664;-7.33;-1.259999;6.18;11.20052;0.4426086;2.322798;0;0;0
4.48;False;0.02742684;0.2529059;-0.1179899;-7.33;-1.259998;6.18;11.20167;0.4433061;2.322286;0;0;0
4.5;False;0.02742684;0.2529059;-0.1179899;-7.33;-1.259998;6.18;11.20167;0.4433061;2.322286;0;0;0
4.52;False;0.03564095;0.2909327;-0.06187588;-7.33;-1.259998;6.18;11.19793;0.4563361;2.316669;0;0;0
4.54;False;-0.01087064;0.2689924;-0.01729412;-7.33;-1.259998;6.18;11.20346;0.4623626;2.318144;0;0;0
4.56;False;-0.01087064;0.2689924;-0.01729412;-7.33;-1.259997;6.18;11.20346;0.4623626;2.318144;0;0;0
4.58;False;-0.02706386;0.1809711;0.02432136;-7.33;-1.259997;6.18;11.20574;0.4750488;2.307317;0;0;0
4.6;False;-0.1051227;0.2610855;0.04335432;-7.33;-1.259997;6.18;11.20989;0.4757854;2.305501;0;0;0
4.62;False;-0.02004035;0.3080063;-0.01667413;-7.33;-1.259997;6.18;11.20948;0.4744346;2.321396;0;0;0
4.64;False;0.01887069;0.2200327;-0.05521287;-7.33;-1.259996;6.18;11.20918;0.4790733;2.323145;0;0;0
4.66;False;0.01887069;0.2200327;-0.05521287;-7.33;-1.259996;6.18;11.20918;0.4790733;2.323145;0;0;0
4.68;False;-0.06028843;0.2733669;0.04512307;-7.33;-1.259996;6.18;11.2078;0.4753376;2.325161;0;0;0
4.7;False;-0.002069597;0.2488222;-0.01027014;-7.33;-1.259996;6.18;11.20039;0.4624578;2.336397;0;0;0
4.72;False;0.05488238;0.2086668;0.05554859;-7.33;-1.259995;6.18;11.17642;0.4701985;2.336882;0;0;0
4.74;False;0.05488238;0.2086668;0.05554859;-7.33;-1.259995;6.18;11.17642;0.4701985;2.336882;0;0;0
4.76;False;-0.009115096;0.1300611;-0.1558338;-7.33;-1.259995;6.18;11.17564;0.4687284;2.318281;0;0;0
4.78;False;0.02587664;0.3014698;-0.02553389;-7.33;-1.259995;6.18;11.17752;0.4655887;2.30511;0;0;0
4.8;False;0.01206579;0.2251816;-0.08841357;-7.33;-1.259995;6.18;11.18467;0.4824215;2.288966;0;0;0
4.82;False;-0.05407266;0.2622786;-0.0003854539;-7.33;-1.259995;6.18;11.18867;0.4884382;2.288013;0;0;0
4.84;False;-0.05407266;0.2622786;-0.0003854539;-7.33;-1.259995;6.18;11.18867;0.4884382;2.288013;0;0;0
4.86;False;-0.02714335;0.320488;0.01171459;-7.33;-1.259995;6.18;11.19783;0.4936599;2.290662;0;0;0
4.88;False;-0.02556907;0.2637911;0.04987419;-7.33;-1.259995;6.18;11.19652;0.4896699;2.298796;0;0;0
4.9;False;-0.02556907;0.2637911;0.04987419;-7.33;-1.259995;6.18;11.19652;0.4896699;2.298796;0;0;0
4.92;False;-0.006694779;0.2195826;0.0786531;-7.33;-1.259995;6.18;11.19289;0.4799053;2.309537;0;0;0
4.94;False;0.0006434256;0.2409163;0.07256492;-7.33;-1.259995;6.18;11.18641;0.4695537;2.319191;0;0;0
4.96;False;0.01042194;0.1888628;0.0409099;-7.33;-1.259995;6.18;11.17593;0.4635305;2.321307;0;0;0
4.98;False;0.06751548;0.1981077;0.01032568;-7.33;-1.259995;6.18;11.15826;0.4606558;2.321771;0;0;0
5;False;0.02613764;0.2864666;-0.05088439;-7.33;-1.259995;6.18;11.15159;0.4573126;2.315924;0;0;0
5.02;False;-0.04816357;0.2307472;0.006607905;-7.33;-1.259995;6.18;11.15107;0.4411488;2.323614;0;0;0
5.04;False;-0.04816357;0.2307472;0.006607905;-7.33;-1.259995;6.18;11.15107;0.4411488;2.323614;0;0;0
5.06;False;0.04487471;0.2857037;-0.04342012;-7.33;-1.259995;6.18;11.14726;0.4413042;2.329922;0;0;0
5.08;False;0.03618592;0.2324619;-0.07383604;-7.33;-1.259995;6.18;11.14367;0.4467906;2.333251;0;0;0
5.1;False;-0.004934357;0.2786389;0.071373;-7.33;-1.259995;6.18;11.13831;0.4506042;2.343903;0;0;0
5.12;False;0.09191665;0.2112188;-0.004135555;-7.33;-1.259995;6.18;11.13566;0.4679455;2.354312;0;0;0
5.14;False;-0.01787409;0.2764607;-0.01697398;-7.33;-1.259995;6.18;11.14308;0.4875273;2.357786;0;0;0
5.16;False;-0.01787409;0.2764607;-0.01697398;-7.33;-1.259995;6.18;11.14308;0.4875273;2.357786;0;0;0
5.18;False;-0.008634759;0.2714653;-0.0362495;-7.33;-1.259995;6.18;11.14908;0.5027065;2.362179;0;0;0
5.2;False;-0.03514696;0.1827116;0.05390109;-7.33;-1.259995;6.18;11.15545;0.5154324;2.355487;0;0;0
5.22;False;-0.03514696;0.1827116;0.05390109;-7.33;-1.259995;6.18;11.15545;0.5154324;2.355487;0;0;0
5.24;False;-0.03496405;0.216713;0.03274671;-7.33;-1.259995;6.18;11.15391;0.5023109;2.338215;0;0;0
5.26;False;-0.04067608;0.1842299;-0.002726384;-7.33;-1.259995;6.18;11.1459;0.4967058;2.338047;0;0;0
5.28;False;0.1036708;0.187542;-0.07545478;-7.33;-1.259995;6.18;11.14353;0.4961403;2.3348;0;0;0
5.3;False;-0.02539984;0.3212147;-0.04484304;-7.33;-1.259995;6.18;11.14379;0.4935859;2.332715;0;0;0
5.32;False;-0.02539984;0.3212147;-0.04484304;-7.33;-1.259995;6.18;11.14379;0.4935859;2.332715;0;0;0
5.34;False;0.0140073;0.2987995;0.02653296;-7.33;-1.259995;6.18;11.141;0.4960444;2.335078;0;0;0
5.36;False;0.02509452;0.2411289;-0.02462528;-7.33;-1.259995;6.18;11.14262;0.5020959;2.339371;0;0;0
5.38;False;0.02509452;0.2411289;-0.02462528;-7.33;-1.259995;6.18;11.14262;0.5020959;2.339371;0;0;0
5.4;False;-0.03272782;0.2203951;0.0603175;-7.33;-1.259995;6.18;11.14491;0.5100625;2.337723;0;0;0
5.42;False;-0.03465215;0.292223;-0.002115631;-7.33;-1.259995;6.18;11.13988;0.5089296;2.340227;0;0;0
5.44;False;0.03506225;0.2059651;-0.04181597;-7.33;-1.259995;6.18;11.14171;0.5084579;2.344171;0;0;0
5.46;False;-0.01336747;0.2011385;-0.03135625;-7.33;-1.259995;6.18;11.14258;0.5086192;2.34823;0;0;0
5.48;False;-0.01336747;0.2011385;-0.03135625;-7.33;-1.259995;6.18;11.14258;0.5086192;2.34823;0;0;0
5.5;False;-0.005224119;0.2205506;-0.02745978;-7.33;-1.259995;6.18;11.14605;0.5046666;2.355764;0;0;0
5.52;False;-0.02497224;0.202467;-0.03989411;-7.33;-1.259995;6.18;11.14858;0.5026864;2.364013;0;0;0
5.54;False;-0.02497224;0.202467;-0.03989411;-7.33;-1.259995;6.18;11.14858;0.5026864;2.364013;0;0;0
5.56;False;0.01893895;0.2695618;-0.0656456;-7.33;-1.259995;6.18;11.15189;0.4995285;2.372209;0;0;0
5.58;False;-0.001714227;0.2715425;0.1099091;-7.33;-1.259995;6.18;11.15048;0.4921364;2.374073;0;0;0
5.6;False;-0.05986747;0.2796879;0.00670682;-7.33;-1.259995;6.18;11.14146;0.479284;2.374504;0;0;0
5.62;False;-0.009453115;0.2167177;-0.00916417;-7.33;-1.259995;6.18;11.13828;0.4715525;2.374392;0;0;0
5.64;False;0.02848638;0.2227421;0.01932571;-7.33;-1.259995;6.18;11.12773;0.462482;2.376548;0;0;0
5.66;False;0.02848638;0.2227421;0.01932571;-7.33;-1.259995;6.18;11.12773;0.462482;2.376548;0;0;0
5.68;False;0.00141847;0.1797876;-0.06787882;-7.33;-1.259995;6.18;11.12229;0.4599751;2.36417;0;0;0
5.7;False;0.08847429;0.2246351;-0.07179856;-7.33;-1.259995;6.18;11.12376;0.4606731;2.352096;0;0;0
5.72;False;0.001784642;0.2757168;-0.01015408;-7.33;-1.259995;6.18;11.12611;0.4696947;2.346759;0;0;0
5.74;False;-0.02238323;0.1722946;-0.03964321;-7.33;-1.259995;6.18;11.13248;0.477647;2.346084;0;0;0
5.76;False;-0.03408447;0.2377854;-0.07321773;-7.33;-1.259995;6.18;11.14084;0.4818059;2.351619;0;0;0
5.78;False;0.0298111;0.3057175;-0.001977572;-7.33;-1.259995;6.18;11.14033;0.4898247;2.359384;0;0;0
5.8;False;-0.02644083;0.2326269;-0.04407766;-7.33;-1.259995;6.18;11.1394;0.4969924;2.36651;0;0;0
5.82;False;0.0004455263;0.245554;-0.003930738;-7.33;-1.259995;6.18;11.13919;0.4981678;2.377638;0;0;0
5.84;False;0.0352739;0.2892409;0.03280316;-7.33;-1.259995;6.18;11.13031;0.4948308;2.396614;0;0;0
5.86;False;0.04674842;0.1541929;0.02290737;-7.33;-1.259995;6.18;11.1258;0.4968246;2.397431;0;0;0
5.88;False;-0.03053227;0.1571169;-0.01382073;-7.33;-1.259995;6.18;11.1254;0.4846892;2.388904;0;0;0
5.9;False;-0.03053227;0.1571169;-0.01382073;-7.33;-1.259995;6.18;11.1254;0.4846892;2.388904;0;0;0
5.92;False;-0.08106593;0.2652531;0.01922705;-7.33;-1.259995;6.18;11.12251;0.4747424;2.390257;0;0;0
5.94;False;-0.003226749;0.2380476;-0.01811697;-7.33;-1.259995;6.18;11.12071;0.4660764;2.391433;0;0;0
5.96;False;0.04259632;0.2842579;0.008889248;-7.33;-1.259995;6.18;11.11108;0.4589792;2.397591;0;0;0
5.98;False;0.006548122;0.1877299;-0.01145166;-7.33;-1.259995;6.18;11.10797;0.4522587;2.403448;0;0;0
6;False;0.006548122;0.1877299;-0.01145166;-7.33;-1.259995;6.18;11.10797;0.4522587;2.403448;0;0;0
6.02;False;0.0128658;0.2465992;0.03872147;-7.33;-1.259995;6.18;11.10864;0.4558328;2.409902;0;0;0
6.04;False;-0.005183951;0.1908236;0.01827502;-7.33;-1.259995;6.18;11.1022;0.4617471;2.413852;0;0;0
6.06;False;-0.05232494;0.1541338;-0.05649035;-7.33;-1.259995;6.18;11.10323;0.4620196;2.413966;0;0;0
6.08;False;0.01175067;0.2373161;-0.01250342;-7.33;-1.259995;6.18;11.10742;0.4642382;2.41119;0;0;0
6.1;False;-0.05344821;0.193449;0.03950254;-7.33;-1.259995;6.18;11.11255;0.4611511;2.400859;0;0;0
6.12;False;-0.007216951;0.290721;0.01029399;-7.33;-1.259995;6.18;11.11257;0.4552377;2.398916;0;0;0
6.14;False;0.02506959;0.209796;-0.06508929;-7.33;-1.259995;6.18;11.11268;0.4528328;2.398575;0;0;0
6.16;False;0.006196942;0.193327;0.009428303;-7.33;-1.259995;6.18;11.10894;0.4539842;2.392138;0;0;0
6.18;False;0.006196942;0.193327;0.009428303;-7.33;-1.259995;6.18;11.10894;0.4539842;2.392138;0;0;0
6.2;False;-0.02246851;0.2330418;-0.001445916;-7.33;-1.259995;6.18;11.11212;0.4537672;2.387028;0;0;0
6.22;False;0.004770122;0.2932234;0.0006842187;-7.33;-1.259995;6.18;11.11366;0.451929;2.386231;0;0;0
6.24;False;-0.01454374;0.3035097;-0.0543259;-7.33;-1.259995;6.18;11.11704;0.4540858;2.382225;0;0;0
6.26;False;-0.04201252;0.2923317;-0.05506193;-7.33;-1.259995;6.18;11.11438;0.4475804;2.380724;0;0;0
6.28;False;-0.04201252;0.2923317;-0.05506193;-7.33;-1.259995;6.18;11.11438;0.4475804;2.380724;0;0;0
6.3;False;-0.05154695;0.2957001;-0.1223104;-7.33;-1.259995;6.18;11.12361;0.4404998;2.38803;0;0;0
6.32;False;0.02627771;0.2208385;0.02585084;-7.33;-1.259995;6.18;11.12304;0.4454222;2.396324;0;0;0
6.34;False;0.01523492;0.2164259;0.04471063;-7.33;-1.259995;6.18;11.11628;0.4519168;2.405286;0;0;0
6.36;False;-0.0145834;0.2071486;0.03295114;-7.33;-1.259995;6.18;11.11561;0.4585579;2.405699;0;0;0
6.38;False;-0.0145834;0.2071486;0.03295114;-7.33;-1.259995;6.18;11.11561;0.4585579;2.405699;0;0;0
6.4;False;-0.006764366;0.2587891;-0.02453324;-7.33;-1.259995;6.18;11.12074;0.4600961;2.404035;0;0;0
6.42;False;0.06145238;0.2345438;0.01757867;-7.33;-1.259995;6.18;11.121;0.4727437;2.404389;0;0;0
6.44;False;-0.02501296;0.2349491;-0.008658977;-7.33;-1.259995;6.18;11.11805;0.4812294;2.408376;0;0;0
6.46;False;-0.01469299;0.1978741;-0.01700891;-7.33;-1.259995;6.18;11.1235;0.4877512;2.407408;0;0;0
6.48;False;-0.08360632;0.2403603;0.1396909;-7.33;-1.259995;6.18;11.1206;0.4900612;2.412214;0;0;0
6.5;False;-0.08360632;0.2403603;0.1396909;-7.33;-1.259995;6.18;11.1206;0.4900612;2.412214;0;0;0
6.52;False;-0.02711721;0.2593718;0.01558225;-7.33;-1.259995;6.18;11.12246;0.4890105;2.41489;0;0;0
6.54;False;-0.04531095;0.21492;-0.01183361;-7.33;-1.259995;6.18;11.1232;0.4819896;2.414921;0;0;0
6.56;False;0.04897181;0.2602997;0.03318333;-7.33;-1.259995;6.18;11.11835;0.4799073;2.417311;0;0;0
6.58;False;0.05845622;0.2592717;-0.05519105;-7.33;-1.259995;6.18;11.11044;0.473428;2.415035;0;0;0
6.6;False;0.05845622;0.2592717;-0.05519105;-7.33;-1.259995;6.18;11.11044;0.473428;2.415035;0;0;0
6.62;False;0.01524111;0.1393309;-0.01205521;-7.33;-1.259995;6.18;11.10461;0.4653949;2.410532;0;0;0
6.64;False;0.0682011;0.2939558;-0.1280792;-7.33;-1.259995;6.18;11.10454;0.4670354;2.407574;0;0;0
6.66;False;0.02273372;0.2342224;-0.04230691;-7.33;-1.259995;6.18;11.1062;0.4814004;2.397048;0;0;0
6.68;False;-0.07254918;0.256815;-0.1310044;-7.33;-1.259995;6.18;11.10943;0.4888214;2.392818;0;0;0
6.7;False;-0.00555001;0.2793951;0.01708948;-7.33;-1.259995;6.18;11.10869;0.4940171;2.399668;0;0;0
6.72;False;0.02471471;0.2095213;0.0307479;-7.33;-1.259995;6.18;11.10831;0.5005211;2.399625;0;0;0
6.74;False;0.00626772;0.1915503;-0.03036978;-7.33;-1.259995;6.18;11.11104;0.5028909;2.402021;0;0;0
6.76;False;0.02294671;0.2473269;-0.00936333;-7.33;-1.259995;6.18;11.1114;0.5040249;2.412955;0;0;0
6.78;False;0.04332775;0.1636305;0.02144892;-7.33;-1.259995;6.18;11.1108;0.5106426;2.420861;0;0;0
6.8;False;-0.03697474;0.2209692;0.05463101;-7.33;-1.259995;6.18;11.10276;0.5095081;2.423698;0;0;0
6.82;False;-0.03035571;0.287488;0.06666484;-7.33;-1.259995;6.18;11.09012;0.5055088;2.426856;0;0;0
6.84;False;0.01221097;0.154233;0.05510516;-7.33;-1.259995;6.18;11.08704;0.5028444;2.423643;0;0;0
6.86;False;0.02812146;0.2648526;-0.000629488;-7.33;-1.259995;6.18;11.08306;0.4972591;2.415676;0;0;0
6.88;False;0.03727515;0.3163414;-0.01055102;-7.33;-1.259995;6.18;11.08096;0.4914506;2.412861;0;0;0
6.9;False;0.00175368;0.2460261;0.0340093;-7.33;-1.259995;6.18;11.0776;0.4860896;2.415952;0;0;0
6.92;False;0.03853745;0.2864018;-0.1046033;-7.33;-1.259995;6.18;11.07415;0.4911559;2.422844;0;0;0
6.94;False;0.02043421;0.2132521;0.05461906;-7.33;-1.259995;6.18;11.07134;0.5018696;2.429335;0;0;0
6.96;False;0.0760244;0.2450867;0.05886107;-7.33;-1.259995;6.18;11.06477;0.5114649;2.432038;0;0;0
6.98;False;-0.01147505;0.2566595;0.07229705;-7.33;-1.259995;6.18;11.0312;0.5272408;2.428822;0;0;0
7;False;-0.1864284;0.3115711;0.2777805;-7.33;-1.259995;6.18;10.88169;0.5153779;2.383099;0;0;0
7.02;False;-0.3499793;0.3979197;0.6632902;-7.33;-1.259995;6.18;10.476;0.3591407;2.358904;0;0;0
7.04;False;-0.3894804;0.5486327;0.6610565;-7.33;-1.259995;6.18;10.04708;0.2147456;2.405456;0;0;0
7.06;False;-0.3379849;0.6319609;0.7665303;-7.33;-1.259995;6.18;9.517509;0.05330785;2.534277;0;0;0
7.08;False;-0.3379849;0.6319609;0.7665303;-7.33;-1.259995;6.18;9.517509;0.05330785;2.534277;0;0;0
7.1;False;-0.1052211;0.7010757;0.8371773;-7.33;-1.259995;6.18;8.312232;359.7882;2.884514;0;0;0
7.12;False;0.1261722;-0.0264225;0.2708352;-7.33;-1.259995;6.18;7.212588;359.6006;3.04901;0;0;0
7.14;False;0.1261722;-0.0264225;0.2708352;-7.33;-1.259995;6.18;7.212588;359.6006;3.04901;0;0;0
7.16;False;0.009059243;-0.01127625;-0.206271;-7.33;-1.259995;6.18;6.77303;359.5402;3.049208;0;0;0
7.18;False;-0.2297809;-0.1335707;-0.3687666;-7.33;-1.259995;6.18;6.08806;359.281;3.048745;0;0;0
7.2;False;-0.2084351;-0.02294254;-0.9673153;-7.33;-1.259995;6.18;6.32989;359.0595;3.16574;0;0;0
7.22;False;0.3089077;-0.002245903;-1.635453;-7.33;-1.259995;6.18;7.342505;358.9253;3.376136;0;0;0
7.24;False;0.3089077;-0.002245903;-1.635453;-7.33;-1.259995;6.18;7.342505;358.9253;3.376136;0;0;0
7.26;False;1.043857;-0.5902233;-2.389689;-7.33;-1.259995;6.18;8.676779;359.2576;3.262005;0;0;0
7.28;False;0.9899999;-0.9143124;-2.109059;-7.33;-1.259995;6.18;11.24243;359.9392;2.810935;0;0;0
7.3;False;0.4219223;0.1930866;-0.3261573;-7.33;-1.259995;6.18;12.15477;0.2344633;2.585465;0;0;0
7.32;False;0.09521244;1.277107;1.504939;-7.33;-1.259995;6.18;12.39888;0.4883372;2.762532;0;0;0
7.34;False;0.2707714;0.7064133;1.072182;-7.33;-1.259995;6.18;12.963;1.171354;2.907559;0;0;0
7.36;False;-0.04053111;0.5737973;0.1498131;-7.33;-1.259995;6.18;12.90062;1.457383;2.795699;0;0;0
7.38;False;-0.8796189;1.103789;-0.1326939;-7.33;-1.259995;6.18;12.3377;1.432281;2.810592;0;0;0
7.4;False;-0.8796189;1.103789;-0.1326939;-7.33;-1.259995;6.18;12.3377;1.432281;2.810592;0;0;0
7.42;False;-1.246601;0.6084518;1.196159;-7.33;-1.259995;6.18;11.27461;1.182584;3.113136;0;0;0
7.44;False;-0.8780141;0.3890333;1.564234;-7.33;-1.259995;6.18;9.779472;0.6348475;3.388213;0;0;0
7.46;False;-0.201544;-0.09485626;2.381989;-7.33;-1.259995;6.18;8.886004;0.2947227;3.306949;0;0;0
7.48;False;-0.201544;-0.09485626;2.381989;-7.33;-1.259995;6.18;8.886004;0.2947227;3.306949;0;0;0
7.5;False;0.04129397;0.3884993;1.122941;-7.33;-1.259995;6.18;6.845702;359.67;3.287347;0;0;0
7.52;False;-0.08676846;0.0240469;0.2471698;-7.33;-1.259995;6.18;5.899957;359.2676;3.2532;0;0;0
7.54;False;0.06304497;-0.1636353;-0.8330836;-7.33;-1.259995;6.18;4.962772;358.6144;3.211544;0;0;0
7.56;False;0.06304497;-0.1636353;-0.8330836;-7.33;-1.259995;6.18;4.962772;358.6144;3.211544;0;0;0
7.58;False;0.6518874;-0.2884836;-2.911121;-7.33;-1.259995;6.18;5.738316;358.4461;2.948717;0;0;0
7.6;False;0.9851138;-0.1004887;-3.066713;-7.33;-1.259995;6.18;7.532624;358.7971;2.684215;0;0;0
7.62;False;0.9851138;-0.1004887;-3.066713;-7.33;-1.259995;6.18;7.532624;358.7971;2.684215;0;0;0
7.64;False;0.8351526;0.04016877;-2.475059;-7.33;-1.259995;6.18;9.151462;359.3324;2.459988;0;0;0
7.66;False;0.6551712;0.1027098;-1.645885;-7.33;-1.259995;6.18;11.48917;0.1174722;1.954363;0;0;0
7.68;False;0.5379176;0.3319741;0.5607243;-7.33;-1.259995;6.18;12.04133;0.5614601;1.764577;0;0;0
7.7;False;-0.06683303;0.9962589;3.038162;-7.33;-1.259995;6.18;12.3218;0.7895853;1.828293;0;0;0
7.72;False;-0.3284902;0.8836527;1.718542;-7.33;-1.259995;6.18;12.57627;1.087458;1.866662;0;0;0
7.74;False;-0.4830164;0.5069275;0.2486712;-7.33;-1.259995;6.18;12.47946;1.222358;1.799151;0;0;0
7.76;False;-1.116706;0.7096481;0.2563015;-7.33;-1.259995;6.18;12.13997;1.245026;1.80296;0;0;0
7.78;False;-1.571317;0.8893166;0.5463167;-7.33;-1.259995;6.18;11.45591;0.9938095;2.128088;0;0;0
7.8;False;-1.293688;0.8934737;1.282246;-7.33;-1.259995;6.18;10.56805;0.6536305;2.542513;0;0;0
7.82;False;-0.7121775;0.5185347;1.218667;-7.33;-1.259995;6.18;9.634542;0.3528336;2.96415;0;0;0
7.84;False;-0.4718554;0.3631745;1.053938;-7.33;-1.259995;6.18;7.75927;359.8787;3.854168;0;0;0
7.86;False;-0.2357326;0.02705956;1.366522;-7.33;-1.259995;6.18;7.380651;359.3874;3.915414;0;0;0
7.88;False;0.4739276;-0.1992693;2.056859;-7.33;-1.259995;6.18;6.565485;359.1494;3.814848;0;0;0
7.9;False;0.5800806;0.6684504;-0.08322458;-7.33;-1.259995;6.18;4.402057;358.6258;4.040101;0;0;0
7.92;False;0.5239635;-0.2751951;-1.276224;-7.33;-1.259995;6.18;3.899162;358.4984;3.963129;0;0;0
7.94;False;0.5239635;-0.2751951;-1.276224;-7.33;-1.259995;6.18;3.899162;358.4984;3.963129;0;0;0
7.96;False;0.395035;-0.5918341;-1.809877;-7.33;-1.259995;6.18;4.343795;358.4405;3.787313;0;0;0
7.98;False;0.5751715;-0.1113176;-2.620849;-7.33;-1.259995;6.18;5.361515;358.4102;3.536207;0;0;0
8;False;0.6403768;-0.1031647;-2.586382;-7.33;-1.259995;6.18;6.487328;358.5808;3.272899;0;0;0
8.02;False;0.4074343;0.05209732;-2.045673;-7.33;-1.259995;6.18;8.843711;358.827;2.788448;0;0;0
8.04;False;0.119508;0.4168949;-1.622808;-7.33;-1.259995;6.18;9.816159;359.0205;2.434677;0;0;0
8.059999;False;0.119508;0.4168949;-1.622808;-7.33;-1.259995;6.18;9.816159;359.0205;2.434677;0;0;0
8.08;False;0.07288188;1.178278;2.139874;-7.33;-1.259995;6.18;10.27381;359.1342;2.522945;0;0;0
8.099999;False;0.1939782;1.240576;2.223434;-7.33;-1.259995;6.18;11.15247;359.6303;2.813659;0;0;0
8.12;False;0.2168117;0.1419888;0.4028969;-7.33;-1.259995;6.18;11.7333;0.1948594;3.178347;0;0;0
8.139999;False;-0.2069775;0.09402275;-0.1676628;-7.33;-1.259995;6.18;11.16644;0.07703904;3.050151;0;0;0
8.16;False;-0.8717072;0.6903163;0.8232793;-7.33;-1.259995;6.18;10.59383;359.9495;3.312974;0;0;0
8.179999;False;-0.710292;0.4079686;0.9396851;-7.33;-1.259995;6.18;9.909717;359.7515;3.718549;0;0;0
8.2;False;-0.1577443;0.3380365;1.017958;-7.33;-1.259995;6.18;8.469582;359.4247;4.38138;0;0;0
8.22;False;-0.1577443;0.3380365;1.017958;-7.33;-1.259995;6.18;8.469582;359.4247;4.38138;0;0;0
8.24;False;-0.03038269;0.3706742;0.5795637;-7.33;-1.259995;6.18;7.509965;359.424;4.853418;0;0;0
8.26;False;-0.1506661;-1.384633;2.850971;-7.33;-1.259995;6.18;7.339957;359.0849;4.622235;0;0;0
8.28;False;0.4400235;0.8242093;0.1547035;-7.33;-1.259995;6.18;5.687139;358.7434;4.405632;0;0;1.063829
8.3;False;0.4400235;0.8242093;0.1547035;-7.33;-1.259995;6.18;5.687139;358.7434;4.405632;0;0;1.063829
8.32;False;-0.0640165;-0.9872761;-1.778287;-7.33;-1.259995;6.18;4.612261;358.3186;4.053587;0;0;1.063829
8.34;False;0.005693004;-0.6084624;-1.612016;-7.33;-1.259995;6.18;4.747501;358.1014;3.83129;0;0;1.063829
8.36;False;0.1869977;0.3048306;-2.056534;-7.33;-1.259995;6.18;5.37642;358.0826;3.786267;0;0;1.063829
8.38;False;0.6350268;0.1756096;-2.954356;-7.33;-1.259995;6.18;7.022872;358.3312;3.480764;0;0;1.063829
8.4;False;0.5963053;-0.09714795;-2.447385;-7.33;-1.259995;6.18;9.304806;358.9134;2.868005;0;0;1.063829
8.42;False;0.5963053;-0.09714795;-2.447385;-7.33;-1.259995;6.18;9.304806;358.9134;2.868005;0;0;1.063829
8.44;False;0.04765198;0.6963549;0.5122129;-7.33;-1.259995;6.18;9.964979;359.0377;2.485592;0;0;1.063829
8.46;False;-0.3840065;1.265864;2.878221;-7.33;-1.259995;6.18;10.85927;359.2024;2.445815;0;0;1.063829
8.48;False;-0.3840065;1.265864;2.878221;-7.33;-1.259995;6.18;10.85927;359.2024;2.445815;0;0;1.063829
8.5;False;-0.4423093;0.6376467;1.040607;-7.33;-1.259995;6.18;11.3188;359.4033;2.762383;0;0;1.063829
8.52;False;0.06757796;0.4231901;-0.5856371;-7.33;-1.259995;6.18;11.10371;359.5584;3.056215;0;0;1.063829
8.54;False;0.4147133;-0.3754664;-0.1842523;-7.33;-1.259995;6.18;10.83515;359.8057;3.368555;0;0;1.063829
8.559999;False;0.1105508;-0.4259616;0.5946332;-7.33;-1.259995;6.18;10.22893;359.807;3.381692;0;0;1.063829
8.58;False;0.1105508;-0.4259616;0.5946332;-7.33;-1.259995;6.18;10.22893;359.807;3.381692;0;0;1.063829
8.599999;False;-0.2161267;0.301898;1.034754;-7.33;-1.259995;6.18;9.08514;359.8579;3.656689;0;0;1.063829
8.62;False;-0.5725287;0.466898;0.910656;-7.33;-1.259995;6.18;8.489211;359.9542;4.003156;0;0;1.063829
8.639999;False;-0.4205051;-0.4323788;2.65567;-7.33;-1.259995;6.18;8.335714;359.6431;3.783645;0;0;1.063829
8.66;False;0.364077;0.03535176;1.828869;-7.33;-1.259995;6.18;7.34743;359.6689;3.211504;0;0;1.063829
8.679999;False;-0.1120488;1.506107;-0.7879148;-7.33;-1.259995;6.18;6.209949;359.4507;3.022809;0;0;1.063829
8.7;False;-0.4594459;-0.5561906;-1.799869;-7.33;-1.259995;6.18;6.216807;359.2863;2.708304;0;0;1.063829
8.72;False;-0.4773471;-0.04011154;-1.78738;-7.33;-1.259995;6.18;6.652044;359.0648;2.583218;0;0;1.063829
8.74;False;0.008388519;0.6489516;-2.158934;-7.33;-1.259995;6.18;7.655583;358.9597;2.341457;0;0;1.063829
8.76;False;0.008388519;0.6489516;-2.158934;-7.33;-1.259995;6.18;7.655583;358.9597;2.341457;0;0;1.063829
8.78;False;0.3093468;0.2354088;-2.509529;-7.33;-1.259995;6.18;8.610902;359.1381;2.244201;0;0;1.063829
8.8;False;0.2927168;0.5904685;-1.578599;-7.33;-1.259995;6.18;10.10936;359.4203;1.947849;0;0;1.063829
8.82;False;-0.05536958;0.8549386;1.393945;-7.33;-1.259995;6.18;10.63696;359.4832;1.882266;0;0;1.063829
8.84;False;-0.2959992;1.092932;1.976673;-7.33;-1.259995;6.18;11.43953;359.8123;2.108725;0;0;1.063829
8.86;False;-0.2959992;1.092932;1.976673;-7.33;-1.259995;6.18;11.43953;359.8123;2.108725;0;0;1.063829
8.88;False;0.03466685;0.267292;0.2717129;-7.33;-1.259995;6.18;11.50581;359.9865;2.427653;0;0;1.063829
8.9;False;0.0387989;-0.1148768;-0.7816715;-7.33;-1.259995;6.18;11.57092;0.2197647;2.65795;0;0;1.063829
8.92;False;-0.25003;-0.2282801;-0.1420567;-7.33;-1.259995;6.18;11.25434;0.1342425;2.722834;0;0;1.063829
8.94;False;-0.25003;-0.2282801;-0.1420567;-7.33;-1.259995;6.18;11.25434;0.1342425;2.722834;0;0;1.063829
8.96;False;-0.2143757;0.2681341;0.9527393;-7.33;-1.259995;6.18;10.37925;0.002471373;3.018127;0;0;1.063829
8.98;False;-0.1946978;0.3112526;1.047314;-7.33;-1.259995;6.18;9.064767;359.9033;3.463146;0;0;1.063829
9;False;-0.1521322;0.3032646;1.732058;-7.33;-1.259995;6.18;8.681219;359.7607;3.667337;0;0;1.063829
9.02;False;-0.1521322;0.3032646;1.732058;-7.33;-1.259995;6.18;8.681219;359.7607;3.667337;0;0;1.063829
9.04;False;0.08331548;-0.5584927;2.619221;-7.33;-1.259995;6.18;7.940375;359.4256;3.352904;0;0;1.063829
9.059999;False;-0.04521107;0.7834426;-1.067333;-7.33;-1.259995;6.18;6.459002;359.1459;3.019616;0;0;1.063829
9.08;False;-0.04521107;0.7834426;-1.067333;-7.33;-1.259995;6.18;6.459002;359.1459;3.019616;0;0;1.063829
9.099999;False;-0.5363186;-0.3401738;-0.9923844;-7.33;-1.259995;6.18;6.111283;358.6124;2.481544;0;0;1.063829
9.12;False;-0.276327;0.6058808;-1.158154;-7.33;-1.259995;6.18;6.539998;358.3157;2.45141;0;0;1.063829
9.139999;False;-0.276327;0.6058808;-1.158154;-7.33;-1.259995;6.18;6.539998;358.3157;2.45141;0;0;1.063829
9.16;False;0.2502789;0.5844947;-2.171463;-7.33;-1.259995;6.18;7.386257;357.9617;2.388311;0;0;1.063829
9.179999;False;0.5123161;-0.03155708;-2.306571;-7.33;-1.259995;6.18;8.378604;358.1037;2.269614;0;0;1.063829
9.2;False;0.4367304;0.2152138;-0.955179;-7.33;-1.259995;6.18;9.876451;358.234;1.831483;0;0;1.063829
9.22;False;0.4367304;0.2152138;-0.955179;-7.33;-1.259995;6.18;9.876451;358.234;1.831483;0;0;1.063829
9.24;False;-0.2384665;1.248132;2.625247;-7.33;-1.259995;6.18;10.74083;358.2419;1.793288;0;0;1.063829
9.26;False;-0.4581451;1.014661;1.359642;-7.33;-1.259995;6.18;11.05905;358.3101;2.246013;0;0;1.063829
9.28;False;-0.1527274;0.2023678;-0.3397706;-7.33;-1.259995;6.18;11.05164;358.307;2.406478;0;0;1.063829
9.3;False;-0.1008494;-0.2083979;-0.5315967;-7.33;-1.259995;6.18;10.88686;358.1802;2.442306;0;0;1.063829
9.32;False;0.09302774;0.05673885;0.2375268;-7.33;-1.259995;6.18;10.43561;358.0853;2.800283;0;0;1.063829
9.34;False;0.09302774;0.05673885;0.2375268;-7.33;-1.259995;6.18;10.43561;358.0853;2.800283;0;0;1.063829
9.36;False;0.3331175;0.1105318;0.6812414;-7.33;-1.259995;6.18;9.81587;358.1463;3.054532;0;0;1.063829
9.38;False;0.6330992;0.1341267;0.4297367;-7.33;-1.259995;6.18;8.859303;358.4861;3.554899;0;0;1.063829
9.4;False;0.6330992;0.1341267;0.4297367;-7.33;-1.259995;6.18;8.859303;358.4861;3.554899;0;0;1.063829
9.42;False;0.3009893;-0.5137062;1.82228;-7.33;-1.259995;6.18;8.530256;358.7197;3.794931;0;0;1.063829
9.44;False;0.349744;-0.3775787;0.9411281;-7.33;-1.259995;6.18;8.393952;358.9873;3.532061;0;0;1.063829
9.46;False;0.3448672;0.196805;-0.4085807;-7.33;-1.259995;6.18;8.349622;359.2055;3.325541;0;0;1.063829
9.48;False;-0.009556487;-0.2244578;-1.830917;-7.33;-1.259995;6.18;8.670573;359.5178;2.856537;0;0;1.063829
9.5;False;-0.3111073;0.07535649;-1.220448;-7.33;-1.259995;6.18;8.95297;359.5761;2.675273;0;0;1.063829
9.52;False;-0.3111073;0.07535649;-1.220448;-7.33;-1.259995;6.18;8.95297;359.5761;2.675273;0;0;1.063829
9.54;False;-0.1966153;1.230137;-0.5653011;-7.33;-1.259995;6.18;9.261263;359.6794;2.558125;0;0;1.063829
9.559999;False;-0.02569668;0.525013;-0.4338768;-7.33;-1.259995;6.18;9.523241;359.8146;2.467938;0;0;1.063829
9.58;False;-0.02569668;0.525013;-0.4338768;-7.33;-1.259995;6.18;9.523241;359.8146;2.467938;0;0;1.063829
9.599999;False;-0.1180918;0.6574774;0.1160034;-7.33;-1.259995;6.18;9.618243;359.8735;2.574137;0;0;1.063829
9.62;False;-0.166839;0.6709433;0.2151324;-7.33;-1.259995;6.18;9.743332;0.0006302648;2.898143;0;0;1.063829
9.639999;False;-0.08137602;0.1241961;0.2659265;-7.33;-1.259995;6.18;9.840887;0.07024857;3.064583;0;0;1.063829
9.66;False;0.02161963;0.1471968;0.2562726;-7.33;-1.259995;6.18;9.903438;0.1342758;3.204742;0;0;1.063829
9.679999;False;-0.1259176;0.09032918;0.3252043;-7.33;-1.259995;6.18;9.922503;0.2030737;3.427408;0;0;1.063829
9.7;False;-0.1259176;0.09032918;0.3252043;-7.33;-1.259995;6.18;9.922503;0.2030737;3.427408;0;0;1.063829
9.719999;False;-0.03122584;0.1509485;0.3279851;-7.33;-1.259995;6.18;9.929273;0.2100108;3.521713;0;0;1.063829
9.74;False;-0.08640362;-0.09434509;0.1037178;-7.33;-1.259995;6.18;9.96801;0.1964353;3.55062;0;0;1.063829
9.76;False;0.002254375;0.03685856;0.02398699;-7.33;-1.259995;6.18;9.997365;0.1735622;3.556693;0;0;1.063829
9.78;False;-0.002169616;0.1766186;0.123213;-7.33;-1.259995;6.18;10.00871;0.1328046;3.524216;0;0;1.063829
9.8;False;-0.06201477;0.1077118;0.04873627;-7.33;-1.259995;6.18;10.01162;0.05327105;3.432448;0;0;1.063829
9.82;False;-0.08965243;0.2540398;0.03832811;-7.33;-1.259995;6.18;9.991449;359.9568;3.339273;0;0;1.063829
9.84;False;-0.08965243;0.2540398;0.03832811;-7.33;-1.259995;6.18;9.991449;359.9568;3.339273;0;0;1.063829
9.86;False;0.04841299;0.2112322;-0.2151024;-7.33;-1.259995;6.18;10.00241;359.8804;3.216258;0;0;1.063829
9.88;False;0.02282762;0.390976;-0.1422116;-7.33;-1.259995;6.18;10.01086;359.8527;3.179074;0;0;1.063829
9.9;False;0.03041985;0.2649326;-0.2022689;-7.33;-1.259995;6.18;10.01846;359.8386;3.132489;0;0;1.063829
9.92;False;0.03041985;0.2649326;-0.2022689;-7.33;-1.259995;6.18;10.01846;359.8386;3.132489;0;0;1.063829
9.94;False;0.02681915;0.3018255;-0.08779037;-7.33;-1.259995;6.18;10.03109;359.8307;3.105814;0;0;1.063829
9.96;False;-0.03527891;0.3105726;-0.05300843;-7.33;-1.259995;6.18;10.04553;359.8335;3.087081;0;0;1.063829
9.98;False;-0.01371458;0.2705097;0.06632219;-7.33;-1.259995;6.18;10.05798;359.8403;3.084019;0;0;1.063829
10;False;-0.1235808;0.1952;0.008508431;-7.33;-1.259995;6.18;10.07607;359.85;3.089026;0;0;1.063829
10.02;False;-0.01346605;0.29735;-0.01950205;-7.33;-1.259995;6.18;10.08452;359.8549;3.105585;0;0;1.063829
10.04;False;-0.01346605;0.29735;-0.01950205;-7.33;-1.259995;6.18;10.08452;359.8549;3.105585;0;0;1.063829
10.06;False;-0.1143121;0.2941914;0.1182401;-7.33;-1.259995;6.18;10.08047;359.8339;3.125694;0;0;1.063829
10.08;False;0.0500731;0.2170115;0.07135576;-7.33;-1.259995;6.18;10.05181;359.8111;3.135381;0;0;1.063829
10.1;False;0.04105019;0.2088881;-0.05004803;-7.33;-1.259995;6.18;10.02764;359.7888;3.136868;0;0;1.063829
10.12;False;0.08814342;0.2236014;-0.06256662;-7.33;-1.259995;6.18;10.00422;359.7766;3.145661;0;0;1.063829
10.14;False;0.08814342;0.2236014;-0.06256662;-7.33;-1.259995;6.18;10.00422;359.7766;3.145661;0;0;1.063829
10.16;False;0.0342264;0.3033104;-0.04191957;-7.33;-1.259995;6.18;9.984648;359.7636;3.169058;0;0;1.063829
10.18;False;0.03959032;0.270504;-0.02288775;-7.33;-1.259995;6.18;9.976147;359.7082;3.210238;0;0;1.063829
10.2;False;0.03959032;0.270504;-0.02288775;-7.33;-1.259995;6.18;9.976147;359.7082;3.210238;0;0;1.063829
10.22;False;0.06479686;0.2099085;0.05139178;-7.33;-1.259995;6.18;9.972626;359.6889;3.210375;0;0;1.063829
10.24;False;0.07762662;0.1410561;0.05708564;-7.33;-1.259995;6.18;9.963804;359.6613;3.205189;0;0;1.063829
10.26;False;0.1063491;0.2051678;-0.06800082;-7.33;-1.259995;6.18;9.963819;359.6359;3.196063;0;0;1.063829
10.28;False;0.1172692;0.168006;0.03080259;-7.33;-1.259995;6.18;9.965702;359.6368;3.182066;0;0;1.063829
10.3;False;0.0569601;0.128684;-0.1000829;-7.33;-1.259995;6.18;9.977477;359.6344;3.134237;0;0;1.063829
10.32;False;0.06682664;0.2323828;-0.0214524;-7.33;-1.259995;6.18;9.982935;359.63;3.099762;0;0;1.063829
10.34;False;0.05776677;0.1355333;0.02001324;-7.33;-1.259995;6.18;9.989875;359.6433;3.053784;0;0;1.063829
10.36;False;0.05776677;0.1355333;0.02001324;-7.33;-1.259995;6.18;9.989875;359.6433;3.053784;0;0;1.063829
10.38;False;0.03216128;0.2416945;-0.03642736;-7.33;-1.259995;6.18;10.00081;359.6565;3.017641;0;0;1.063829
10.4;False;0.02228475;0.2659512;0.04006248;-7.33;-1.259995;6.18;10.03146;359.6813;2.955271;0;0;1.063829
10.42;False;-0.05686691;0.2642117;-0.0327585;-7.33;-1.259995;6.18;10.0636;359.6938;2.933367;0;0;1.063829
10.44;False;-0.05686691;0.2642117;-0.0327585;-7.33;-1.259995;6.18;10.0636;359.6938;2.933367;0;0;1.063829
10.46;False;-0.0815793;0.273406;-0.03497673;-7.33;-1.259995;6.18;10.07103;359.7174;2.916579;0;0;1.063829
10.48;False;-0.01536866;0.326869;0.07225911;-7.33;-1.259995;6.18;10.06937;359.7202;2.911011;0;0;1.063829
10.5;False;-0.1061466;0.2480478;0.03988039;-7.33;-1.259995;6.18;10.07738;359.7208;2.900214;0;0;1.063829
10.52;False;-0.09493005;0.2634068;0.01487348;-7.33;-1.259995;6.18;10.08549;359.7134;2.892316;0;0;1.063829
10.54;False;-0.02034692;0.3660116;-0.03314159;-7.33;-1.259995;6.18;10.08388;359.6997;2.896643;0;0;1.063829
10.56;False;-0.02034692;0.3660116;-0.03314159;-7.33;-1.259995;6.18;10.08388;359.6997;2.896643;0;0;1.063829
10.58;False;-0.0341568;0.2125073;-0.003733945;-7.33;-1.259995;6.18;10.09356;359.6788;2.901851;0;0;1.063829
10.6;False;-0.0503628;0.3328848;0.02967979;-7.33;-1.259995;6.18;10.09318;359.6622;2.906504;0;0;1.063829
10.62;False;-0.04634758;0.2471476;-0.03423157;-7.33;-1.259995;6.18;10.10256;359.6303;2.911117;0;0;1.063829
10.64;False;-0.07044829;0.3255711;0.010773;-7.33;-1.259995;6.18;10.10721;359.6025;2.936894;0;0;1.063829
10.66;False;-0.07044829;0.3255711;0.010773;-7.33;-1.259995;6.18;10.10721;359.6025;2.936894;0;0;1.063829
10.68;False;0.08338546;0.222003;0.04807197;-7.33;-1.259995;6.18;10.10202;359.5831;2.953884;0;0;1.063829
10.7;False;-0.07239727;0.1957369;0.02557432;-7.33;-1.259995;6.18;10.1016;359.5636;2.969611;0;0;1.063829
10.72;False;0.04810144;0.2294512;0.04898054;-7.33;-1.259995;6.18;10.09521;359.5578;2.981484;0;0;1.063829
10.74;False;0.05102795;0.1437464;-0.01591932;-7.33;-1.259995;6.18;10.0992;359.5642;2.980621;0;0;1.063829
10.76;False;-0.003353917;0.256115;0.04448184;-7.33;-1.259995;6.18;10.10815;359.5608;2.979169;0;0;1.063829
10.78;False;0.03402185;0.2924309;0.02335332;-7.33;-1.259995;6.18;10.1159;359.5581;2.978957;0;0;1.063829
10.8;False;0.03402185;0.2924309;0.02335332;-7.33;-1.259995;6.18;10.1159;359.5581;2.978957;0;0;1.063829
10.82;False;0.06081672;0.327014;0.05972379;-7.33;-1.259995;6.18;10.11014;359.5571;2.979855;0;0;1.063829
10.84;False;0.06140535;0.1255474;-0.0173545;-7.33;-1.259995;6.18;10.09755;359.5683;2.969689;0;0;1.063829
10.86;False;0.002896223;0.1616659;0.02694211;-7.33;-1.259995;6.18;10.09593;359.5787;2.95816;0;0;1.063829
10.88;False;0.02313856;0.2312136;-0.07641532;-7.33;-1.259995;6.18;10.09529;359.5872;2.946291;0;0;1.063829
10.9;False;0.07432373;0.1863499;-0.02785717;-7.33;-1.259995;6.18;10.09853;359.5981;2.916143;0;0;1.063829
10.92;False;0.07432373;0.1863499;-0.02785717;-7.33;-1.259995;6.18;10.09853;359.5981;2.916143;0;0;1.063829
10.94;False;-0.06788523;0.2811222;-0.06507959;-7.33;-1.259995;6.18;10.11627;359.5848;2.902531;0;0;1.063829
10.96;False;0.00309404;0.2134485;0.0110911;-7.33;-1.259995;6.18;10.10946;359.5734;2.905338;0;0;1.063829
10.98;False;0.00309404;0.2134485;0.0110911;-7.33;-1.259995;6.18;10.10946;359.5734;2.905338;0;0;1.063829
11;False;0.02085689;0.2501268;-0.02216977;-7.33;-1.259995;6.18;10.10973;359.5596;2.913494;0;0;1.063829
11.02;False;0.01857469;0.2343922;0.06161897;-7.33;-1.259995;6.18;10.1079;359.5484;2.933837;0;0;1.063829
11.04;False;0.02353246;0.2927924;0.01431295;-7.33;-1.259995;6.18;10.09849;359.5374;2.938253;0;0;1.063829
11.06;False;0.04535761;0.2203379;-0.01067506;-7.33;-1.259995;6.18;10.09117;359.5324;2.944792;0;0;1.063829
11.08;False;0.01405529;0.2683039;-0.07021737;-7.33;-1.259995;6.18;10.09027;359.5272;2.950263;0;0;1.063829
11.1;False;0.01405529;0.2683039;-0.07021737;-7.33;-1.259995;6.18;10.09027;359.5272;2.950263;0;0;1.063829
11.12;False;0.02397022;0.1990652;0.04178436;-7.33;-1.259995;6.18;10.07901;359.5284;2.940796;0;0;1.063829
11.14;False;0.02358859;0.2385979;0.03748564;-7.33;-1.259995;6.18;10.06568;359.537;2.938436;0;0;1.063829
11.16;False;-0.01908219;0.1606417;-0.03612309;-7.33;-1.259995;6.18;10.06384;359.5485;2.956236;0;0;1.063829
11.18;False;0.08932905;0.2339306;0.03333653;-7.33;-1.259995;6.18;10.06309;359.5622;2.970797;0;0;1.063829
11.2;False;-0.0369852;0.252924;-0.1157406;-7.33;-1.259995;6.18;10.06612;359.5679;2.985173;0;0;1.063829
11.22;False;0.052793;0.3189411;-0.06589886;-7.33;-1.259995;6.18;10.07387;359.5757;2.99858;0;0;1.063829
11.24;False;0.052793;0.3189411;-0.06589886;-7.33;-1.259995;6.18;10.07387;359.5757;2.99858;0;0;1.063829
11.26;False;0.06087483;0.286087;-0.0420276;-7.33;-1.259995;6.18;10.07691;359.5728;3.008419;0;0;1.063829
11.28;False;-0.01681648;0.2330627;0.05558102;-7.33;-1.259995;6.18;10.08301;359.5595;3.013626;0;0;1.063829
11.3;False;0.00144402;0.2361851;0.04717317;-7.33;-1.259995;6.18;10.09866;359.5275;2.994437;0;0;1.063829
11.32;False;0.09294942;0.1909428;0.01123892;-7.33;-1.259995;6.18;10.10947;359.5061;2.972016;0;0;1.063829
11.34;False;0.07466213;0.2063275;0.1322748;-7.33;-1.259995;6.18;10.11107;359.4921;2.946002;0;0;1.063829
11.36;False;0.07466213;0.2063275;0.1322748;-7.33;-1.259995;6.18;10.11107;359.4921;2.946002;0;0;1.063829
11.38;False;0.07305411;0.2258835;-0.02728628;-7.33;-1.259995;6.18;10.12196;359.4866;2.914219;0;0;1.063829
11.4;False;0.09660894;0.2201996;0.01142325;-7.33;-1.259995;6.18;10.1425;359.5098;2.876704;0;0;1.063829
11.42;False;0.02458182;0.2284088;0.04684921;-7.33;-1.259995;6.18;10.16068;359.5588;2.835979;0;0;1.063829
11.44;False;0.02458182;0.2284088;0.04684921;-7.33;-1.259995;6.18;10.16068;359.5588;2.835979;0;0;1.063829
11.46;False;-0.06626078;0.226573;0.1283939;-7.33;-1.259995;6.18;10.1745;359.605;2.802478;0;0;1.063829
11.48;False;-0.08460318;0.3796873;-0.01482545;-7.33;-1.259995;6.18;10.18206;359.625;2.806468;0;0;1.063829
11.5;False;-0.01027921;0.2450476;-0.0004217076;-7.33;-1.259995;6.18;10.19853;359.6704;2.79433;0;0;1.063829
11.52;False;-0.08496607;0.2356424;-0.02727496;-7.33;-1.259995;6.18;10.20839;359.6898;2.781321;0;0;1.063829
11.54;False;-0.1705541;0.2475281;0.03610249;-7.33;-1.259995;6.18;10.21777;359.7011;2.766765;0;0;1.063829
11.56;False;-0.08130806;0.2935066;-0.07025934;-7.33;-1.259995;6.18;10.22778;359.7008;2.753418;0;0;1.063829
11.58;False;-0.1449507;0.2300186;0.03661177;-7.33;-1.259995;6.18;10.23554;359.6885;2.744139;0;0;1.063829
11.6;False;-0.002514137;0.294632;0.05735868;-7.33;-1.259995;6.18;10.23753;359.6648;2.74268;0;0;1.063829
11.62;False;-0.06600054;0.2127905;0.05302237;-7.33;-1.259995;6.18;10.25062;359.6485;2.744618;0;0;1.063829
11.64;False;-0.06600054;0.2127905;0.05302237;-7.33;-1.259995;6.18;10.25062;359.6485;2.744618;0;0;1.063829
11.66;False;-0.04910338;0.3014202;-0.04394213;-7.33;-1.259995;6.18;10.25084;359.63;2.753858;0;0;1.063829
11.68;False;0.04912088;0.1863241;0.02945959;-7.33;-1.259995;6.18;10.24132;359.624;2.759805;0;0;1.063829
11.7;False;-0.02844402;0.1994257;-0.01742495;-7.33;-1.259995;6.18;10.22773;359.6265;2.74809;0;0;1.063829
11.72;False;-0.05895687;0.2529774;0.04909592;-7.33;-1.259995;6.18;10.22725;359.6331;2.731279;0;0;1.063829
11.74;False;-0.1507952;0.3829746;0.2095569;-7.33;-1.259995;6.18;10.12765;359.6138;2.6825;0;0;1.063829
11.76;False;-0.4263848;0.299943;0.4406531;-7.33;-1.259995;6.18;9.67663;359.4196;2.562538;0;0;1.063829
11.78;False;-0.4263848;0.299943;0.4406531;-7.33;-1.259995;6.18;9.67663;359.4196;2.562538;0;0;1.063829
11.8;False;-0.4590055;0.4981594;0.7589835;-7.33;-1.259995;6.18;9.242601;359.2515;2.53787;0;0;1.063829
11.82;False;-0.1473992;0.3765536;0.7452285;-7.33;-1.259995;6.18;8.712944;359.0967;2.534132;0;0;1.063829
11.84;False;-0.132242;0.4742069;0.8680493;-7.33;-1.259995;6.18;7.422617;358.8005;2.527264;0;0;1.063829
11.86;False;-0.07370487;0.7418433;1.183875;-7.33;-1.259995;6.18;6.531203;358.5403;2.75197;0;0;1.063829
11.88;False;0.1471138;0.5480271;0.828153;-7.33;-1.259995;6.18;5.569913;358.3086;2.998359;0;0;1.063829
11.9;False;0.2465947;-0.07027245;-0.2404086;-7.33;-1.259995;6.18;4.365418;357.9254;3.241793;0;0;1.063829
11.92;False;0.141252;-0.7509757;-1.845493;-7.33;-1.259995;6.18;4.674451;357.8727;3.125722;0;0;1.063829
11.94;False;0.141252;-0.7509757;-1.845493;-7.33;-1.259995;6.18;4.674451;357.8727;3.125722;0;0;1.063829
11.96;False;0.5006657;-0.693285;-2.87986;-7.33;-1.259995;6.18;5.749489;357.8411;2.590742;0;0;1.063829
11.98;False;0.7764101;-0.82868;-2.731493;-7.33;-1.259995;6.18;6.854324;358.0458;2.089933;0;0;1.063829
12;False;0.6730083;0.05314159;-1.743251;-7.33;-1.259995;6.18;8.174009;358.1402;1.567556;0;0;1.063829
12.02;False;0.0184475;0.7010757;-1.258091;-7.33;-1.259995;6.18;10.19601;358.3218;0.7119384;0;0;1.063829
12.04;False;0.1321817;0.7416468;0.6932074;-7.33;-1.259995;6.18;10.71307;358.3937;0.4361068;0;0;1.063829
12.06;False;0.006251588;1.136062;2.339069;-7.33;-1.259995;6.18;11.0173;358.4739;0.4461341;0;0;1.063829
12.08;False;-0.4557242;1.121704;1.522131;-7.33;-1.259995;6.18;11.54834;358.8157;0.6440284;0;0;1.063829
12.1;False;0.005994763;0.6871071;-0.5920303;-7.33;-1.259995;6.18;11.55319;358.9591;0.9492412;0;0;1.063829
12.12;False;-0.09642586;0.3763571;-0.7054978;-7.33;-1.259995;6.18;11.36135;359.0555;1.185145;0;0;1.063829
12.14;False;-0.09642586;0.3763571;-0.7054978;-7.33;-1.259995;6.18;11.36135;359.0555;1.185145;0;0;1.063829
12.16;False;-0.198114;0.5291882;0.5111452;-7.33;-1.259995;6.18;10.86508;359.1931;1.717875;0;0;1.063829
12.18;False;-0.1171647;0.4314032;0.7513015;-7.33;-1.259995;6.18;9.910825;359.1653;1.974763;0;0;1.063829
12.2;False;-0.2326103;-0.02123642;0.8789254;-7.33;-1.259995;6.18;8.97419;359.14;2.154627;0;0;1.063829
12.22;False;-0.2144805;0.2760315;1.011617;-7.33;-1.259995;6.18;8.344625;359.3275;2.563383;0;0;1.063829
12.24;False;0.3556282;-1.233948;4.180049;-7.33;-1.259995;6.18;7.601811;359.1571;2.590956;0;0;1.063829
12.26;False;0.0346083;1.080291;0.1083857;-7.33;-1.259995;6.18;6.306981;359.2169;2.695251;0;0;1.063829
12.28;False;-0.02507251;-1.035843;-0.6805307;-7.33;-1.259995;6.18;5.841839;359.0999;2.457373;0;0;1.063829
12.3;False;-0.02507251;-1.035843;-0.6805307;-7.33;-1.259995;6.18;5.841839;359.0999;2.457373;0;0;1.063829
12.32;False;-0.3446787;-0.2564335;-1.472894;-7.33;-1.259995;6.18;5.622836;358.9081;2.157596;0;0;1.063829
12.34;False;-0.0521077;0.6060219;-2.145918;-7.33;-1.259995;6.18;6.426705;358.8198;2.060989;0;0;1.063829
12.36;False;0.3010078;0.1817112;-2.685107;-7.33;-1.259995;6.18;7.576707;358.9279;1.966875;0;0;1.063829
12.38;False;0.4072074;-0.08521558;-2.440389;-7.33;-1.259995;6.18;9.937016;359.4224;1.47992;0;0;1.063829
12.4;False;0.293214;0.4217405;0.1179118;-7.33;-1.259995;6.18;10.51864;359.579;1.147537;0;0;1.063829
12.42;False;-0.03983642;1.247262;2.912345;-7.33;-1.259995;6.18;10.68299;359.6924;1.254418;0;0;1.063829
12.44;False;-0.03983642;1.247262;2.912345;-7.33;-1.259995;6.18;10.68299;359.6924;1.254418;0;0;0.2403846
12.46;False;-0.1688226;0.8587981;1.519374;-7.33;-1.259995;6.18;11.10953;0.2277749;1.698128;0;0;0.2403846
12.48;False;0.172613;0.09225655;-0.4870069;-7.33;-1.259995;6.18;11.07527;0.6447453;1.987972;0;0;0.2403846
12.5;False;0.172613;0.09225655;-0.4870069;-7.33;-1.259995;6.18;11.07527;0.6447453;1.987972;0;0;0.2403846
12.52;False;-0.2656031;-0.1679878;-0.7889521;-7.33;-1.259995;6.18;10.81416;0.6179326;2.115931;0;0;0.2403846
12.54;False;-0.3403839;0.2001247;-0.01396905;-7.33;-1.259995;6.18;10.36605;0.5802497;2.325368;0;0;0.2403846
12.56;False;-0.1283661;0.1615496;1.031998;-7.33;-1.259995;6.18;9.150383;0.4643774;2.704676;0;0;0.2403846
12.58;False;-0.1641509;0.03922653;0.84716;-7.33;-1.259995;6.18;8.509405;0.5713996;3.028406;0;0;0.2403846
12.6;False;-0.1402458;-0.008591652;2.488493;-7.33;-1.259995;6.18;7.809788;0.3002235;3.461445;0;0;0.2403846
12.62;False;0.2581256;-0.5706463;3.012522;-7.33;-1.259995;6.18;7.263534;0.2036418;2.972883;0;0;0.2403846
12.64;False;0.2581256;-0.5706463;3.012522;-7.33;-1.259995;6.18;7.263534;0.2036418;2.972883;0;0;0.2403846
12.66;False;-0.09294829;-0.06676579;-0.8651332;-7.33;-1.259995;6.18;6.77811;0.0629324;2.753752;0;0;0.2403846
12.68;False;-0.3866529;-0.4576807;-1.535148;-7.33;-1.259995;6.18;6.365981;359.6952;2.424563;0;0;0.2403846
12.7;False;-0.3330305;-0.02216721;-1.803387;-7.33;-1.259995;6.18;7.118614;359.5005;2.238092;0;0;0.2403846
12.72;False;-0.2340896;0.8256331;-2.240757;-7.33;-1.259995;6.18;8.211994;359.2294;2.073039;0;0;0.2403846
12.74;False;0.02689546;0.3926926;-2.427605;-7.33;-1.259995;6.18;9.489135;359.2507;1.877319;0;0;0.2403846
12.76;False;0.1941038;0.7972965;-0.4918537;-7.33;-1.259995;6.18;9.978197;359.1956;1.716535;0;0;0.2403846
12.78;False;0.1715446;1.145399;2.043457;-7.33;-1.259995;6.18;10.66746;359.1642;1.734282;0;0;0.2403846
12.8;False;0.1715446;1.145399;2.043457;-7.33;-1.259995;6.18;10.66746;359.1642;1.734282;0;0;0.2403846
12.82;False;0.1909091;0.8071414;1.267194;-7.33;-1.259995;6.18;10.85843;359.5417;2.068082;0;0;0.2403846
12.84;False;0.3983898;-0.2395973;-0.6656019;-7.33;-1.259995;6.18;11.05289;359.8859;2.249314;0;0;0.2403846
12.86;False;0.1862406;-0.1232605;-1.449413;-7.33;-1.259995;6.18;11.1999;0.297492;2.342426;0;0;0.2403846
12.88;False;-0.3163578;0.09254742;-0.607816;-7.33;-1.259995;6.18;10.87089;0.4196093;2.530686;0;0;0.2403846
12.9;False;-0.3606629;0.4022646;0.3601965;-7.33;-1.259995;6.18;10.21325;0.3835868;2.8813;0;0;0.2403846
12.92;False;-0.1264084;0.364336;0.6841278;-7.33;-1.259995;6.18;9.452905;0.3737141;3.111361;0;0;0.2403846
12.94;False;-0.1421649;0.18577;0.8967761;-7.33;-1.259995;6.18;8.737983;0.5445683;3.522361;0;0;0.2403846
12.96;False;-0.1421649;0.18577;0.8967761;-7.33;-1.259995;6.18;8.737983;0.5445683;3.522361;0;0;0.2403846
12.98;False;0.1381826;-0.1664295;2.692248;-7.33;-1.259995;6.18;7.851144;0.6370905;4.190469;0;0;0.2403846
13;False;0.8434295;-0.9275341;3.876754;-7.33;-1.259995;6.18;7.680781;0.6507812;3.734971;0;0;0.2403846
13.02;False;0.1870701;0.8149081;-0.5207748;-7.33;-1.259995;6.18;6.947253;0.7585257;3.558872;0;0;0.2403846
13.04;False;0.1399162;-0.505457;-1.20432;-7.33;-1.259995;6.18;6.799666;0.6867225;3.330749;0;0;0.2403846
13.06;False;-0.587992;-0.2485504;-1.752925;-7.33;-1.259995;6.18;7.010727;0.5265719;2.803875;0;0;0.2403846
13.08;False;-0.2291388;0.6715069;-1.859935;-7.33;-1.259995;6.18;7.882699;0.4168963;2.646344;0;0;0.2403846
13.1;False;0.2896646;0.4752426;-2.362292;-7.33;-1.259995;6.18;9.40542;0.488732;2.258281;0;0;0.2403846
13.12;False;0.2896646;0.4752426;-2.362292;-7.33;-1.259995;6.18;9.40542;0.488732;2.258281;0;0;0.2403846
13.14;False;0.4490375;0.687604;0.2318004;-7.33;-1.259995;6.18;10.01925;0.5880883;1.984486;0;0;0.2403846
13.16;False;-0.1038817;1.130045;2.101737;-7.33;-1.259995;6.18;11.03038;0.8863532;1.831852;0;0;0.2403846
13.18;False;-0.1228913;0.4468203;0.8912708;-7.33;-1.259995;6.18;11.46623;1.069839;1.968114;0;0;0.2403846
13.2;False;-0.1228913;0.4468203;0.8912708;-7.33;-1.259995;6.18;11.46623;1.069839;1.968114;0;0;0.2403846
13.22;False;-0.1064454;0.1465178;-0.78173;-7.33;-1.259995;6.18;12.27638;1.425345;2.087032;0;0;0.2403846
13.24;False;-0.09648709;0.181489;-0.8139675;-7.33;-1.259995;6.18;11.99904;1.406251;2.267433;0;0;0.2403846
13.26;False;-0.1481022;0.2361508;-0.2276054;-7.33;-1.259995;6.18;11.71786;1.398258;2.542337;0;0;0.2403846
13.28;False;-0.1392993;0.2536373;0.4936666;-7.33;-1.259995;6.18;11.08256;1.228685;2.683201;0;0;0.2403846
13.3;False;-0.2596812;0.1007423;0.3129807;-7.33;-1.259995;6.18;9.724218;0.9870806;2.971786;0;0;0.2403846
13.32;False;0.1062837;0.1610346;1.036862;-7.33;-1.259995;6.18;9.03619;0.9760821;3.284057;0;0;0.2403846
13.34;False;0.1062837;0.1610346;1.036862;-7.33;-1.259995;6.18;9.03619;0.9760821;3.284057;0;0;0.2403846
13.36;False;-0.0546709;0.2493219;2.582959;-7.33;-1.259995;6.18;8.88533;0.9137067;3.537679;0;0;0.2403846
13.38;False;0.396573;-0.03566265;2.758572;-7.33;-1.259995;6.18;8.092576;0.7894185;3.182464;0;0;0.2403846
13.4;False;0.1831584;0.7195855;-1.059126;-7.33;-1.259995;6.18;6.761281;0.3701051;2.931915;0;0;0.2403846
13.42;False;-0.597262;-0.973197;-1.296714;-7.33;-1.259995;6.18;6.886168;359.9743;2.436362;0;0;0.2403846
13.44;False;-0.597262;-0.973197;-1.296714;-7.33;-1.259995;6.18;6.886168;359.9743;2.436362;0;0;0.2403846
13.46;False;-0.5925919;0.8755913;-1.029937;-7.33;-1.259995;6.18;6.945096;359.1299;2.111472;0;0;0.2403846
13.48;False;-0.1701208;0.8946667;-1.91791;-7.33;-1.259995;6.18;7.527364;358.9095;2.19191;0;0;0.2403846
13.5;False;0.5011132;-0.1087771;-3.074588;-7.33;-1.259995;6.18;8.272415;359.0351;2.045316;0;0;0.2403846
13.52;False;0.8773032;-0.6876956;-2.545374;-7.33;-1.259995;6.18;9.940819;359.2814;1.357466;0;0;0.2403846
13.54;False;0.9930788;0.1572228;-0.4963894;-7.33;-1.259995;6.18;10.73962;359.674;0.9627294;0;0;0.2403846
13.56;False;0.9930788;0.1572228;-0.4963894;-7.33;-1.259995;6.18;10.73962;359.674;0.9627294;0;0;0.2403846
13.58;False;-0.2015771;1.412673;1.999964;-7.33;-1.259995;6.18;11.6431;0.170547;1.182438;0;0;0.2403846
13.6;False;-0.2694704;0.5659695;0.1471389;-7.33;-1.259995;6.18;11.81462;0.4286653;1.384923;0;0;0.8620691
13.62;False;0.02582902;0.1751471;-0.8027768;-7.33;-1.259995;6.18;11.99519;0.7981016;1.496418;0;0;0.8620691
13.64;False;0.02582902;0.1751471;-0.8027768;-7.33;-1.259995;6.18;11.99519;0.7981016;1.496418;0;0;0.8620691
13.66;False;-0.2051032;0.04352093;-0.6167682;-7.33;-1.259995;6.18;11.72559;0.7849616;1.675027;0;0;0.8620691
13.68;False;-0.2714098;0.4781514;0.7143385;-7.33;-1.259995;6.18;11.0179;0.7927913;2.085258;0;0;0.8620691
13.7;False;-0.2002884;0.3407946;0.6511443;-7.33;-1.259995;6.18;10.26271;0.6980482;2.326359;0;0;0.8620691
13.72;False;-0.00120949;0.3833027;0.9060013;-7.33;-1.259995;6.18;8.941091;0.7660174;2.929651;0;0;0.8620691
13.74;False;-0.05698744;0.5735446;1.326154;-7.33;-1.259995;6.18;8.659953;1.044241;3.48898;0;0;0.8620691
13.76;False;-0.05698744;0.5735446;1.326154;-7.33;-1.259995;6.18;8.659953;1.044241;3.48898;0;0;0.8620691
13.78;False;0.6286977;-0.4642783;3.817525;-7.33;-1.259995;6.18;8.315712;0.9825484;3.286981;0;0;0.8620691
13.8;False;0.1757827;0.5996704;-1.069095;-7.33;-1.259995;6.18;7.353416;0.9298639;3.252122;0;0;0.8620691
13.82;False;-0.2966291;-1.365195;-1.688343;-7.33;-1.259995;6.18;8.001015;0.8640121;2.888104;0;0;0.8620691
13.84;False;-0.4557856;-0.2488041;-1.730916;-7.33;-1.259995;6.18;8.616177;0.6448584;2.332551;0;0;0.8620691
13.86;False;-0.4557856;-0.2488041;-1.730916;-7.33;-1.259995;6.18;8.616177;0.6448584;2.332551;0;0;0.8620691
13.88;False;-0.0939782;0.6702385;-0.8854396;-7.33;-1.259995;6.18;9.370462;0.4077657;1.81142;0;0;0.8620691
13.9;False;-0.06082781;0.8623915;-0.7977378;-7.33;-1.259995;6.18;9.610048;0.3171977;1.672736;0;0;0.8620691
13.92;False;-0.06082781;0.8623915;-0.7977378;-7.33;-1.259995;6.18;9.610048;0.3171977;1.672736;0;0;0.8620691
13.94;False;-0.1203958;0.9772177;-0.01816543;-7.33;-1.259995;6.18;10.35589;0.05989386;1.467011;0;0;0.8620691
13.96;False;-0.09886894;0.7889891;0.5839525;-7.33;-1.259995;6.18;10.50731;359.9724;1.61229;0;0;0.8620691
13.98;False;0.01475526;0.7080374;0.9205693;-7.33;-1.259995;6.18;10.77579;359.8812;1.798278;0;0;0.8620691
14;False;0.06173839;0.3732539;0.303913;-7.33;-1.259995;6.18;10.68574;359.9849;2.037505;0;0;0.8620691
14.02;False;0.06173839;0.3732539;0.303913;-7.33;-1.259995;6.18;10.68574;359.9849;2.037505;0;0;0.8620691
14.04;False;0.1746282;0.08024597;0.105987;-7.33;-1.259995;6.18;10.66396;0.07504787;2.219916;0;0;0.8620691
14.06;False;0.04694915;-0.03458119;0.3244875;-7.33;-1.259995;6.18;10.62141;0.1404852;2.354193;0;0;0.8620691
14.08;False;-0.02070466;-0.03728485;0.132857;-7.33;-1.259995;6.18;10.5332;0.2525514;2.681727;0;0;0.8620691
14.1;False;0.1775633;-0.08569051;0.3435754;-7.33;-1.259995;6.18;10.38759;0.3276082;2.817699;0;0;0.8620691
14.12;False;0.2464077;-0.1151419;0.4659671;-7.33;-1.259995;6.18;10.24573;0.4886608;2.978943;0;0;0.8620691
14.14;False;0.09691674;0.05740166;0.02803885;-7.33;-1.259995;6.18;10.18395;0.573982;2.967704;0;0;0.8620691
14.16;False;0.06512412;-0.01982403;-0.05113971;-7.33;-1.259995;6.18;10.14548;0.6003889;2.884068;0;0;0.8620691
14.18;False;-0.3741915;0.2925739;-0.2648142;-7.33;-1.259995;6.18;10.10174;0.5387942;2.88514;0;0;0.8620691
14.2;False;-0.3741915;0.2925739;-0.2648142;-7.33;-1.259995;6.18;10.10174;0.5387942;2.88514;0;0;0.8620691
14.22;False;-0.1438393;0.3559208;-0.3820137;-7.33;-1.259995;6.18;10.07335;0.3866256;2.882492;0;0;0.8620691
14.24;False;-0.03606744;0.3036137;-0.3342613;-7.33;-1.259995;6.18;10.0598;0.2881722;2.799314;0;0;0.8620691
14.26;False;-0.03606744;0.3036137;-0.3342613;-7.33;-1.259995;6.18;10.0598;0.2881722;2.799314;0;0;0.8620691
14.28;False;0.1053707;0.3779679;-0.268672;-7.33;-1.259995;6.18;10.0646;0.2484498;2.745605;0;0;0.8620691
14.3;False;0.1336799;0.3630028;-0.3404157;-7.33;-1.259995;6.18;10.08556;0.2489665;2.711623;0;0;0.8620691
14.32;False;0.1388291;0.2647829;-0.1822448;-7.33;-1.259995;6.18;10.1384;0.271549;2.669681;0;0;0.8620691
14.34;False;0.1279881;0.2019539;-0.002664314;-7.33;-1.259995;6.18;10.20015;0.3161455;2.656541;0;0;0.8620691
14.36;False;0.0249557;0.2166843;-0.0562736;-7.33;-1.259995;6.18;10.28132;0.376595;2.657597;0;0;0.8620691
14.38;False;-0.05953225;0.1626415;0.1623569;-7.33;-1.259995;6.18;10.34327;0.4140846;2.635673;0;0;0.8620691
14.4;False;-0.1945942;0.2567472;0.3025362;-7.33;-1.259995;6.18;10.40099;0.3849689;2.599384;0;0;0.8620691
14.42;False;-0.1945942;0.2567472;0.3025362;-7.33;-1.259995;6.18;10.40099;0.3849689;2.599384;0;0;0.8620691
14.44;False;-0.101135;0.2557745;0.2457051;-7.33;-1.259995;6.18;10.40712;0.3511962;2.59017;0;0;0.8620691
14.46;False;-0.008007801;0.3945418;0.1170168;-7.33;-1.259995;6.18;10.38703;0.317147;2.587164;0;0;0.8620691
14.48;False;0.06891564;0.1791029;-0.01513872;-7.33;-1.259995;6.18;10.37637;0.2961539;2.576539;0;0;0.8620691
14.5;False;-0.05492432;0.2029247;-0.02932244;-7.33;-1.259995;6.18;10.34988;0.2380502;2.54253;0;0;0.8620691
14.52;False;-0.05492432;0.2029247;-0.02932244;-7.33;-1.259995;6.18;10.34988;0.2380502;2.54253;0;0;0.8620691
14.54;False;-0.0137353;0.2944431;0.01049781;-7.33;-1.259995;6.18;10.32164;0.1839382;2.514275;0;0;0.8620691
14.56;False;-0.0137353;0.2944431;0.01049781;-7.33;-1.259995;6.18;10.32164;0.1839382;2.514275;0;0;0.8620691
14.58;False;0.06080893;0.2593622;-0.1470772;-7.33;-1.259995;6.18;10.31079;0.1606069;2.490631;0;0;0.8620691
14.6;False;0.01241158;0.3257742;7.116311E-05;-7.33;-1.259995;6.18;10.30982;0.1454204;2.483288;0;0;0.8620691
14.62;False;0.005249784;0.3175068;-0.010837;-7.33;-1.259995;6.18;10.31169;0.1190666;2.478759;0;0;0.8620691
14.64;False;0.005249784;0.3175068;-0.010837;-7.33;-1.259995;6.18;10.31169;0.1190666;2.478759;0;0;0.8620691
14.66;False;0.04574967;0.2566814;0.06343584;-7.33;-1.259995;6.18;10.31227;0.09655416;2.481874;0;0;0.8620691
14.68;False;0.08737973;0.1807099;-0.0383231;-7.33;-1.259995;6.18;10.32968;0.08365256;2.488392;0;0;0.8620691
14.7;False;0.08007858;0.3175249;0.06754716;-7.33;-1.259995;6.18;10.33528;0.07982042;2.493773;0;0;0.8620691
14.72;False;0.1208046;0.2094708;0.1341907;-7.33;-1.259995;6.18;10.33117;0.1007927;2.501286;0;0;0.8620691
14.74;False;0.08404608;0.1789665;-0.02548545;-7.33;-1.259995;6.18;10.33676;0.1244757;2.500271;0;0;0.8620691
14.76;False;0.09781993;0.2909374;0.111513;-7.33;-1.259995;6.18;10.34145;0.1483213;2.504521;0;0;0.8620691
14.78;False;0.1190952;0.2439223;0.006501696;-7.33;-1.259995;6.18;10.36426;0.1791604;2.502972;0;0;0.8620691
14.8;False;0.001531925;0.284813;0.1172374;-7.33;-1.259995;6.18;10.38351;0.2104002;2.501415;0;0;0.8620691
14.82;False;0.001531925;0.284813;0.1172374;-7.33;-1.259995;6.18;10.38351;0.2104002;2.501415;0;0;0.8620691
14.84;False;0.05215704;0.2365465;0.08161227;-7.33;-1.259995;6.18;10.39506;0.2369048;2.498521;0;0;0.8620691
14.86;False;-0.0814435;0.2441807;0.001831037;-7.33;-1.259995;6.18;10.41421;0.253608;2.498787;0;0;0.8620691
14.88;False;-0.07135125;0.2317505;0.02192357;-7.33;-1.259995;6.18;10.41154;0.2609327;2.497588;0;0;0.8620691
14.9;False;-0.07862825;0.1834993;-0.03558641;-7.33;-1.259995;6.18;10.42704;0.2619993;2.485507;0;0;0.8620691
14.92;False;-0.07862825;0.1834993;-0.03558641;-7.33;-1.259995;6.18;10.42704;0.2619993;2.485507;0;0;0.8620691
14.94;False;0.07460711;0.2408362;0.02222048;-7.33;-1.259995;6.18;10.44532;0.258794;2.460814;0;0;0.8620691
14.96;False;0.02091007;0.2291307;-0.0338641;-7.33;-1.259995;6.18;10.45968;0.2527146;2.429355;0;0;0.8620691
14.98;False;-0.110111;0.2890597;0.02254345;-7.33;-1.259995;6.18;10.46858;0.2335534;2.408693;0;0;0.8620691
15;False;0.03933972;0.2417679;0.0596114;-7.33;-1.259995;6.18;10.46915;0.2186024;2.393338;0;0;0.8620691
15.02;False;-0.01275618;0.1866064;-0.02648319;-7.33;-1.259995;6.18;10.47396;0.2058312;2.354285;0;0;0.8620691
15.04;False;-0.01275618;0.1866064;-0.02648319;-7.33;-1.259995;6.18;10.47396;0.2058312;2.354285;0;0;0.8620691
15.06;False;-0.04919189;0.286685;0.05240787;-7.33;-1.259995;6.18;10.47014;0.1947664;2.338597;0;0;0.8620691
15.08;False;-0.02316142;0.2025204;-0.01308746;-7.33;-1.259995;6.18;10.46341;0.1817864;2.314787;0;0;0.8620691
15.1;False;0.0009249593;0.1713448;-0.04962613;-7.33;-1.259995;6.18;10.47258;0.1726917;2.279659;0;0;0.8620691
15.12;False;-0.02721388;0.3242607;-0.03754522;-7.33;-1.259995;6.18;10.47468;0.1784783;2.264051;0;0;0.8620691
15.14;False;-0.002502348;0.2408648;-0.00526476;-7.33;-1.259995;6.18;10.47231;0.1944667;2.258458;0;0;0.8620691
15.16;False;-0.02818817;0.1807242;-0.00677357;-7.33;-1.259995;6.18;10.48411;0.2252975;2.255832;0;0;0.8620691
15.18;False;-0.09939653;0.3038588;0.09743064;-7.33;-1.259995;6.18;10.48874;0.2383561;2.268288;0;0;0.8620691
15.2;False;-0.08140084;0.2635918;0.1096986;-7.33;-1.259995;6.18;10.47969;0.259041;2.291687;0;0;0.8620691
15.22;False;-0.08140084;0.2635918;0.1096986;-7.33;-1.259995;6.18;10.47969;0.259041;2.291687;0;0;0.8620691
15.24;False;-0.0372659;0.2841273;-0.03405748;-7.33;-1.259995;6.18;10.46544;0.2615398;2.307576;0;0;0.8620691
15.26;False;-0.04825001;0.2389641;0.04222497;-7.33;-1.259995;6.18;10.44858;0.2551144;2.324448;0;0;0.8620691
15.28;False;-0.05126916;0.259222;-0.014494;-7.33;-1.259995;6.18;10.43604;0.2356051;2.344743;0;0;0.8620691
15.3;False;0.04176935;0.2461367;-0.02193469;-7.33;-1.259995;6.18;10.42579;0.220476;2.357788;0;0;0.8620691
15.32;False;0.04176935;0.2461367;-0.02193469;-7.33;-1.259995;6.18;10.42579;0.220476;2.357788;0;0;0.8620691
15.34;False;0.03866223;0.2704211;-0.04810635;-7.33;-1.259995;6.18;10.4188;0.210694;2.371012;0;0;0.8620691
15.36;False;-0.02156959;0.256115;0.007224351;-7.33;-1.259995;6.18;10.41471;0.2053064;2.386167;0;0;0.8620691
15.38;False;-0.02519512;0.2902746;0.03227228;-7.33;-1.259995;6.18;10.39336;0.1858193;2.411649;0;0;0.8620691
15.4;False;-0.02519512;0.2902746;0.03227228;-7.33;-1.259995;6.18;10.39336;0.1858193;2.411649;0;0;0.8620691
15.42;False;0.1221424;0.3191109;0.07815914;-7.33;-1.259995;6.18;10.3708;0.1776112;2.449319;0;0;0.8620691
15.44;False;0.1190345;0.2750902;-0.0008991146;-7.33;-1.259995;6.18;10.35462;0.1819281;2.479633;0;0;0.8620691
15.46;False;0.05930293;0.1771317;-0.02105944;-7.33;-1.259995;6.18;10.34349;0.1949331;2.503985;0;0;0.8620691
15.48;False;0.03471829;0.1787377;0.06446294;-7.33;-1.259995;6.18;10.34115;0.2031951;2.520698;0;0;0.8620691
15.5;False;0.03471829;0.1787377;0.06446294;-7.33;-1.259995;6.18;10.34115;0.2031951;2.520698;0;0;0.8620691
15.52;False;0.07749853;0.2473822;0.0273332;-7.33;-1.259995;6.18;10.33876;0.2148098;2.532504;0;0;0.8620691
15.54;False;0.03068016;0.1741648;-0.01455242;-7.33;-1.259995;6.18;10.34251;0.2302041;2.536878;0;0;0.8620691
15.56;False;0.02576908;0.2655154;0.07079168;-7.33;-1.259995;6.18;10.34483;0.240901;2.540612;0;0;0.8620691
15.58;False;0.03815538;0.1883059;0.01782183;-7.33;-1.259995;6.18;10.35146;0.2507782;2.53836;0;0;0.8620691
15.6;False;-0.03263858;0.2860642;0.04905842;-7.33;-1.259995;6.18;10.35425;0.2491858;2.538789;0;0;0.8620691
15.62;False;-0.03929926;0.2206554;-0.02056381;-7.33;-1.259995;6.18;10.35599;0.2409887;2.538128;0;0;0.8620691
15.64;False;-0.05198086;0.2830448;0.05911382;-7.33;-1.259995;6.18;10.34875;0.2235278;2.54451;0;0;0.8620691
15.66;False;-0.02422315;0.2956133;0.001948544;-7.33;-1.259995;6.18;10.34381;0.2118379;2.548858;0;0;0.8620691
15.68;False;0.04669669;0.184844;-0.01203429;-7.33;-1.259995;6.18;10.33989;0.201025;2.563523;0;0;0.8620691
15.7;False;0.03396829;0.208477;-0.03703322;-7.33;-1.259995;6.18;10.3423;0.203424;2.571086;0;0;0.8620691
15.72;False;0.06962778;0.2249918;0.04263706;-7.33;-1.259995;6.18;10.342;0.2064529;2.576297;0;0;0.8620691
15.74;False;0.001828273;0.2331591;-0.02160773;-7.33;-1.259995;6.18;10.34083;0.2046411;2.576004;0;0;0.8620691
15.76;False;0.07109709;0.175499;-0.005586099;-7.33;-1.259995;6.18;10.3426;0.2101016;2.562;0;0;0.8620691
15.78;False;0.07109709;0.175499;-0.005586099;-7.33;-1.259995;6.18;10.3426;0.2101016;2.562;0;0;0.8620691
15.8;False;-0.02798255;0.3292885;-0.02186616;-7.33;-1.259995;6.18;10.34391;0.2167824;2.546146;0;0;0.8620691
15.82;False;0.007247214;0.2313719;-0.01222992;-7.33;-1.259995;6.18;10.33674;0.2228088;2.538116;0;0;0.8620691
15.84;False;-0.004453904;0.2973585;0.04771816;-7.33;-1.259995;6.18;10.33407;0.2219357;2.536223;0;0;0.8620691
15.86;False;0.03891991;0.2097225;-0.09570434;-7.33;-1.259995;6.18;10.34298;0.2251978;2.526273;0;0;0.8620691
15.88;False;-0.05907431;0.3015957;-0.09351142;-7.33;-1.259995;6.18;10.36363;0.2202627;2.518848;0;0;0.8620691
15.9;False;-0.05907431;0.3015957;-0.09351142;-7.33;-1.259995;6.18;10.36363;0.2202627;2.518848;0;0;0.8620691
15.92;False;0.08152255;0.1637068;-0.04181588;-7.33;-1.259995;6.18;10.3771;0.2218969;2.519147;0;0;0.8620691
15.94;False;-0.03521305;0.2179203;-0.103902;-7.33;-1.259995;6.18;10.40707;0.225216;2.51657;0;0;0.8620691
15.96;False;-0.01812314;0.2655029;0.01525278;-7.33;-1.259995;6.18;10.43582;0.2346672;2.506641;0;0;0.8620691
15.98;False;-0.01812314;0.2655029;0.01525278;-7.33;-1.259995;6.18;10.43582;0.2346672;2.506641;0;0;0.8620691
16;False;-0.007948453;0.276412;0.1190467;-7.33;-1.259995;6.18;10.44601;0.2461921;2.500736;0;0;0.8620691
16.02;False;0.02437267;0.2265692;0.0335843;-7.33;-1.259995;6.18;10.44934;0.2619508;2.498545;0;0;0.8620691
16.04;False;-0.02409906;0.2464323;0.0682799;-7.33;-1.259995;6.18;10.45908;0.2907831;2.495875;0;0;0.8620691
16.06;False;-0.02409906;0.2464323;0.0682799;-7.33;-1.259995;6.18;10.45908;0.2907831;2.495875;0;0;0.8620691
16.08;False;0.01534663;0.219142;0.1215823;-7.33;-1.259995;6.18;10.45977;0.3138143;2.495222;0;0;0.8620691
16.1;False;0.05293101;0.2548857;0.05035447;-7.33;-1.259995;6.18;10.45162;0.3457979;2.500941;0;0;0.8620691
16.12;False;-0.0296034;0.1379824;0.01933351;-7.33;-1.259995;6.18;10.44653;0.3705216;2.491654;0;0;0.8620691
16.14;False;-0.01381193;0.272707;-0.01427073;-7.33;-1.259995;6.18;10.45277;0.39267;2.491724;0;0;0.8620691
16.16;False;-0.09958462;0.2560177;-0.004302402;-7.33;-1.259995;6.18;10.45604;0.4035197;2.491695;0;0;0.8620691
16.18;False;-0.1148361;0.393776;0.09064474;-7.33;-1.259995;6.18;10.45349;0.3983359;2.497228;0;0;0.8620691
16.2;False;-0.1148361;0.393776;0.09064474;-7.33;-1.259995;6.18;10.45349;0.3983359;2.497228;0;0;0.8620691
16.22;False;-0.04146711;0.1940012;0.03004639;-7.33;-1.259995;6.18;10.4423;0.376616;2.503203;0;0;0.8620691
16.24;False;-0.07533444;0.3076601;0.08986821;-7.33;-1.259995;6.18;10.42954;0.3326954;2.529088;0;0;0.8620691
16.26;False;0.07576517;0.2963171;0.04270909;-7.33;-1.259995;6.18;10.41914;0.3197014;2.551663;0;0;0.8620691
16.28;False;0.1330871;0.2034197;-0.01697706;-7.33;-1.259995;6.18;10.4159;0.3221111;2.576005;0;0;0.8620691
16.3;False;0.1330871;0.2034197;-0.01697706;-7.33;-1.259995;6.18;10.4159;0.3221111;2.576005;0;0;0.8620691
16.32;False;-0.0384877;0.280138;0.04005116;-7.33;-1.259995;6.18;10.41443;0.3133779;2.598328;0;0;0.8620691
16.34;False;0.04749445;0.2088757;0.08147335;-7.33;-1.259995;6.18;10.39924;0.3091401;2.625798;0;0;0.8620691
16.36;False;0.06191133;0.2079144;0.04018986;-7.33;-1.259995;6.18;10.39153;0.3052182;2.644991;0;0;0.8620691
16.38;False;-0.0265833;0.1752796;-0.02320897;-7.33;-1.259995;6.18;10.38582;0.2963872;2.663596;0;0;0.8620691
16.4;False;0.05471881;0.2169342;-0.009086773;-7.33;-1.259995;6.18;10.38286;0.2891478;2.67231;0;0;0.8620691
16.42;False;0.06229568;0.2108822;0.07563905;-7.33;-1.259995;6.18;10.37652;0.2839638;2.673025;0;0;0.8620691
16.44;False;-0.007451446;0.2827845;-0.01587206;-7.33;-1.259995;6.18;10.37503;0.2776634;2.672296;0;0;0.8620691
16.46;False;0.07066177;0.2470093;0.04234737;-7.33;-1.259995;6.18;10.3664;0.271944;2.669039;0;0;0.8620691
16.48;False;0.07066177;0.2470093;0.04234737;-7.33;-1.259995;6.18;10.3664;0.271944;2.669039;0;0;0.8620691
16.5;False;0.03565958;0.1932058;0.002254879;-7.33;-1.259995;6.18;10.36083;0.2785169;2.653836;0;0;0.8620691
16.52;False;-0.04261213;0.2838287;-0.03675923;-7.33;-1.259995;6.18;10.36693;0.2767061;2.647243;0;0;0.8620691
16.54;False;-0.04261213;0.2838287;-0.03675923;-7.33;-1.259995;6.18;10.36693;0.2767061;2.647243;0;0;0.8620691
16.56;False;0.0283519;0.2208796;0.008330378;-7.33;-1.259995;6.18;10.36385;0.2689422;2.646731;0;0;0.8620691
16.58;False;-4.616193E-05;0.2202864;-0.04929378;-7.33;-1.259995;6.18;10.36439;0.264951;2.643564;0;0;0.8620691
16.6;False;0.0268701;0.266284;0.02623513;-7.33;-1.259995;6.18;10.36518;0.2629776;2.641193;0;0;0.8620691
16.62;False;-0.0179427;0.2042179;-0.02270993;-7.33;-1.259995;6.18;10.35764;0.2722265;2.636944;0;0;0.8620691
16.64;False;0.02604813;0.3206396;-0.003387527;-7.33;-1.259995;6.18;10.35791;0.2889894;2.627301;0;0;0.8620691
16.66;False;0.02604813;0.3206396;-0.003387527;-7.33;-1.259995;6.18;10.35791;0.2889894;2.627301;0;0;0.8620691
16.68;False;-0.07651542;0.2782497;0.03005097;-7.33;-1.259995;6.18;10.3616;0.2949041;2.619807;0;0;0.8620691
16.7;False;-0.01749263;0.2797394;-0.009046877;-7.33;-1.259995;6.18;10.3649;0.3011086;2.619274;0;0;0.8620691
16.72;False;0.001207422;0.2962894;0.01350463;-7.33;-1.259995;6.18;10.36094;0.3091232;2.620806;0;0;0.8620691
16.74;False;-0.05085205;0.1652498;-0.08759505;-7.33;-1.259995;6.18;10.36538;0.3207596;2.616125;0;0;0.8620691
16.76;False;-0.08491782;0.2934237;0.1024696;-7.33;-1.259995;6.18;10.37473;0.3123327;2.616843;0;0;0.8620691
16.78;False;-0.08491782;0.2934237;0.1024696;-7.33;-1.259995;6.18;10.37473;0.3123327;2.616843;0;0;0.8620691
16.8;False;-0.01077862;0.3509874;0.08358368;-7.33;-1.259995;6.18;10.35494;0.2758119;2.647236;0;0;0.8620691
16.82;False;0.08676142;0.2282362;-0.01267551;-7.33;-1.259995;6.18;10.34096;0.2634964;2.649338;0;0;0.8620691
16.84;False;0.02746089;0.2231808;0.0428333;-7.33;-1.259995;6.18;10.33639;0.2561094;2.653351;0;0;0.8620691
16.86;False;0.02746089;0.2231808;0.0428333;-7.33;-1.259995;6.18;10.33639;0.2561094;2.653351;0;0;0.8620691
16.88;False;0.005978196;0.2614651;0.03998219;-7.33;-1.259995;6.18;10.32142;0.2514724;2.658535;0;0;0.8620691
16.9;False;-0.003277193;0.2450028;-0.03258826;-7.33;-1.259995;6.18;10.29938;0.2540532;2.669626;0;0;0.8620691
16.92;False;0.09385358;0.175808;-0.05213564;-7.33;-1.259995;6.18;10.29286;0.2648121;2.671767;0;0;0.8620691
16.94;False;-0.01517549;0.2354574;0.008847154;-7.33;-1.259995;6.18;10.29891;0.2812278;2.660521;0;0;0.8620691
16.96;False;-0.02585772;0.3098078;-0.02406801;-7.33;-1.259995;6.18;10.30426;0.2824975;2.655822;0;0;0.8620691
16.98;False;0.01443053;0.2792235;0.04722586;-7.33;-1.259995;6.18;10.30393;0.27955;2.654185;0;0;0.8620691
17;False;0.01443053;0.2792235;0.04722586;-7.33;-1.259995;6.18;10.30393;0.27955;2.654185;0;0;0.8620691
17.02;False;-0.06994887;0.2250862;0.09712236;-7.33;-1.259995;6.18;10.30242;0.2726666;2.653011;0;0;0.8620691
17.04;False;-0.03247328;0.2589588;0.03474993;-7.33;-1.259995;6.18;10.29646;0.2581442;2.669521;0;0;0.8620691
17.06;False;0.03141534;0.2893944;-0.000856325;-7.33;-1.259995;6.18;10.28381;0.2504317;2.697024;0;0;0.8620691
17.08;False;0.03141534;0.2893944;-0.000856325;-7.33;-1.259995;6.18;10.28381;0.2504317;2.697024;0;0;0.8620691
17.1;False;0.04853454;0.206274;0.02900144;-7.33;-1.259995;6.18;10.27329;0.2520831;2.729555;0;0;0.8620691
17.12;False;0.07460204;0.1462641;0.04397799;-7.33;-1.259995;6.18;10.26817;0.2500829;2.735388;0;0;0.8620691
17.14;False;0.08508027;0.3334866;-0.008974481;-7.33;-1.259995;6.18;10.25577;0.2468558;2.740534;0;0;0.8620691
17.16;False;0.05176837;0.1845341;0.03910265;-7.33;-1.259995;6.18;10.23909;0.2325253;2.7412;0;0;0.8620691
17.18;False;0.05176837;0.1845341;0.03910265;-7.33;-1.259995;6.18;10.23909;0.2325253;2.7412;0;0;0.8620691
17.2;False;0.02420464;0.1578188;0.01251473;-7.33;-1.259995;6.18;10.23346;0.23136;2.731862;0;0;0.8620691
17.22;False;0.119299;0.2061787;0.04699415;-7.33;-1.259995;6.18;10.22953;0.2311993;2.72079;0;0;0.8620691
17.24;False;0.01749134;0.1648483;0.02206559;-7.33;-1.259995;6.18;10.23747;0.2285061;2.708884;0;0;0.8620691
17.26;False;0.01749134;0.1648483;0.02206559;-7.33;-1.259995;6.18;10.23747;0.2285061;2.708884;0;0;0.8620691
17.28;False;0.08306845;0.266697;-0.02651858;-7.33;-1.259995;6.18;10.23851;0.2413552;2.70102;0;0;0.8620691
17.3;False;-0.009915411;0.2242832;-0.04153104;-7.33;-1.259995;6.18;10.24779;0.2635393;2.691084;0;0;0.8620691
17.32;False;-0.01858149;0.2301426;0.02868993;-7.33;-1.259995;6.18;10.26053;0.2811256;2.679096;0;0;0.8620691
17.34;False;-0.05930831;0.3296852;0.06031265;-7.33;-1.259995;6.18;10.26895;0.3024346;2.675195;0;0;0.8620691
17.36;False;-0.02768007;0.2879258;0.03403168;-7.33;-1.259995;6.18;10.27235;0.3120088;2.669775;0;0;0.8620691
17.38;False;-0.01601914;0.2602367;0.0292923;-7.33;-1.259995;6.18;10.28171;0.3197545;2.664806;0;0;0.8620691
17.4;False;-0.01601914;0.2602367;0.0292923;-7.33;-1.259995;6.18;10.28171;0.3197545;2.664806;0;0;0.8620691
17.42;False;0.003282545;0.2791576;0.09293967;-7.33;-1.259995;6.18;10.2901;0.3259957;2.657792;0;0;0.8620691
17.44;False;0.003282545;0.2791576;0.09293967;-7.33;-1.259995;6.18;10.2901;0.3259957;2.657792;0;0;0.8620691
17.46;False;0.008591505;0.1877403;0.008537869;-7.33;-1.259995;6.18;10.29303;0.3280766;2.653592;0;0;0.8620691
17.48;False;-0.08134764;0.2770147;0.07648807;-7.33;-1.259995;6.18;10.30001;0.3222298;2.655681;0;0;0.8620691
17.5;False;-0.04339902;0.2848711;0.04913599;-7.33;-1.259995;6.18;10.30293;0.3206308;2.663649;0;0;0.8620691
17.52;False;-0.07196762;0.2451964;0.04295936;-7.33;-1.259995;6.18;10.30107;0.3143207;2.676092;0;0;0.8620691
17.54;False;-0.1225259;0.2591086;0.05622409;-7.33;-1.259995;6.18;10.30073;0.2872971;2.720212;0;0;0.8620691
17.56;False;0.06094376;0.327425;-0.03233499;-7.33;-1.259995;6.18;10.30142;0.2802973;2.751721;0;0;0.8620691
17.58;False;0.1094952;0.2003002;-0.06738997;-7.33;-1.259995;6.18;10.3013;0.2920121;2.786756;0;0;0.8620691
17.6;False;0.05563034;0.1504498;-0.02743484;-7.33;-1.259995;6.18;10.2989;0.3092927;2.799263;0;0;0.8620691
17.62;False;0.05563034;0.1504498;-0.02743484;-7.33;-1.259995;6.18;10.2989;0.3092927;2.799263;0;0;0.8620691
17.64;False;0.03127648;0.2093506;-0.03518927;-7.33;-1.259995;6.18;10.30003;0.3196461;2.796788;0;0;0.8620691
17.66;False;-0.02597294;0.2059536;0.01406783;-7.33;-1.259995;6.18;10.30588;0.3192737;2.791063;0;0;0.8620691
17.68;False;0.01977582;0.2776318;0.0658925;-7.33;-1.259995;6.18;10.30867;0.3132664;2.794607;0;0;0.8620691
17.7;False;0.05407939;0.1504622;-0.02599075;-7.33;-1.259995;6.18;10.31161;0.3122485;2.796492;0;0;0.8620691
17.72;False;-0.004046364;0.1399393;0.06084838;-7.33;-1.259995;6.18;10.31392;0.3206559;2.7817;0;0;0.8620691
17.74;False;0.02224635;0.2546454;0.03398319;-7.33;-1.259995;6.18;10.31299;0.325222;2.762611;0;0;0.8620691
17.76;False;-0.03693324;0.3574228;0.1415655;-7.33;-1.259995;6.18;10.30429;0.3251829;2.759882;0;0;0.8620691
17.78;False;-0.03693324;0.3574228;0.1415655;-7.33;-1.259995;6.18;10.30429;0.3251829;2.759882;0;0;0.8620691
17.8;False;-0.04682128;0.1751566;-0.0385904;-7.33;-1.259995;6.18;10.29481;0.3269655;2.762136;0;0;0.8620691
17.82;False;-0.1465282;0.2625122;-0.06871182;-7.33;-1.259995;6.18;10.31856;0.3485794;2.775327;0;0;0.8620691
17.84;False;-0.1465282;0.2625122;-0.06871182;-7.33;-1.259995;6.18;10.31856;0.3485794;2.775327;0;0;0.8620691
17.86;False;-0.01349427;0.2516975;-0.1672246;-7.33;-1.259995;6.18;10.31087;0.3741226;2.791508;0;0;0.8620691
17.88;False;0.01519498;0.1738443;-0.05888039;-7.33;-1.259995;6.18;10.29633;0.4083697;2.79301;0;0;0.8620691
17.9;False;0.01519498;0.1738443;-0.05888039;-7.33;-1.259995;6.18;10.29633;0.4083697;2.79301;0;0;0.8620691
17.92;False;-0.04485339;0.2336588;-0.08666455;-7.33;-1.259995;6.18;10.29668;0.4319022;2.790023;0;0;0.8620691
17.94;False;0.0008656445;0.2846823;-0.03043676;-7.33;-1.259995;6.18;10.28754;0.4584983;2.793436;0;0;0.8620691
17.96;False;-0.04732184;0.2707348;0.02488099;-7.33;-1.259995;6.18;10.27068;0.4671291;2.809858;0;0;0.8620691
17.98;False;-0.07006916;0.2977343;0.02825524;-7.33;-1.259995;6.18;10.25301;0.4712721;2.848174;0;0;0.8620691
18;False;-0.007516169;0.2586794;-0.003864576;-7.33;-1.259995;6.18;10.23669;0.4699843;2.874675;0;0;0.8620691
18.02;False;-0.04841755;0.1899214;0.1356961;-7.33;-1.259995;6.18;10.21268;0.4546857;2.898605;0;0;0.8620691
18.04;False;-0.04841755;0.1899214;0.1356961;-7.33;-1.259995;6.18;10.21268;0.4546857;2.898605;0;0;0.8620691
18.06;False;-0.05244557;0.1893397;0.08344539;-7.33;-1.259995;6.18;10.20039;0.4273475;2.926248;0;0;0.8620691
18.08;False;0.08325019;0.2856026;0.03714996;-7.33;-1.259995;6.18;10.19707;0.3989662;2.948852;0;0;0.8620691
18.1;False;0.1325326;0.1627684;0.03100251;-7.33;-1.259995;6.18;10.20033;0.3796321;2.961766;0;0;0.8620691
18.12;False;0.1191608;0.1816282;0.08352824;-7.33;-1.259995;6.18;10.214;0.3736935;2.944284;0;0;0.8620691
18.14;False;0.1191608;0.1816282;0.08352824;-7.33;-1.259995;6.18;10.214;0.3736935;2.944284;0;0;0.8620691
18.16;False;-0.02275014;0.2232609;0.02141952;-7.33;-1.259995;6.18;10.23225;0.3647258;2.913631;0;0;0.8620691
18.18;False;0.0465368;0.2681275;0.06899538;-7.33;-1.259995;6.18;10.2293;0.3546742;2.900881;0;0;0.8620691
18.2;False;0.0417156;0.2267094;-0.02538694;-7.33;-1.259995;6.18;10.22442;0.3556078;2.895056;0;0;0.8620691
18.22;False;-0.04577564;0.2802296;-0.08144782;-7.33;-1.259995;6.18;10.21683;0.3544271;2.887925;0;0;0.8620691
18.24;False;-0.06352793;0.2682886;-0.02675636;-7.33;-1.259995;6.18;10.1979;0.3448425;2.891203;0;0;0.8620691
18.26;False;-0.06352793;0.2682886;-0.02675636;-7.33;-1.259995;6.18;10.1979;0.3448425;2.891203;0;0;0.8620691
18.28;False;-0.05627817;0.3096104;-0.09017292;-7.33;-1.259995;6.18;10.16287;0.3444429;2.930058;0;0;0.8620691
18.3;False;0.03718039;0.2302046;-0.0553696;-7.33;-1.259995;6.18;10.1399;0.3534708;2.966803;0;0;0.8620691
18.32;False;-0.04568486;0.2341852;-0.05621951;-7.33;-1.259995;6.18;10.12158;0.365572;3.002234;0;0;0.8620691
18.34;False;0.01720723;0.19555;0.06672119;-7.33;-1.259995;6.18;10.11208;0.3686309;3.041457;0;0;0.8620691
18.36;False;0.02729955;0.2574807;-0.04982445;-7.33;-1.259995;6.18;10.11376;0.3789298;3.084118;0;0;0.8620691
18.38;False;0.06091074;0.19909;0.01523379;-7.33;-1.259995;6.18;10.11376;0.392096;3.128097;0;0;0.8620691
18.4;False;0.06091074;0.19909;0.01523379;-7.33;-1.259995;6.18;10.11376;0.392096;3.128097;0;0;0.8620691
18.42;False;0.09415984;0.1176825;0.04742902;-7.33;-1.259995;6.18;10.11614;0.4164212;3.153289;0;0;0.8620691
18.44;False;0.06069326;0.305851;0.1313253;-7.33;-1.259995;6.18;10.11114;0.4339524;3.163663;0;0;0.8620691
18.46;False;0.0553983;0.190444;0.01289354;-7.33;-1.259995;6.18;10.10797;0.4565824;3.166859;0;0;0.8620691
18.48;False;0.0553983;0.190444;0.01289354;-7.33;-1.259995;6.18;10.10797;0.4565824;3.166859;0;0;0.8620691
18.5;False;0.001561055;0.2914429;0.08077744;-7.33;-1.259995;6.18;10.11121;0.4860421;3.177073;0;0;0.8620691
18.52;False;-0.0233473;0.1808586;0.138741;-7.33;-1.259995;6.18;10.10313;0.5141383;3.179646;0;0;0.8620691
18.54;False;0.02364155;0.1907578;0.05108843;-7.33;-1.259995;6.18;10.10172;0.5567403;3.179965;0;0;0.8620691
18.56;False;-0.1161064;0.287736;0.1594136;-7.33;-1.259995;6.18;10.11539;0.5766981;3.188765;0;0;0.8620691
18.58;False;-0.15581;0.2872429;0.201868;-7.33;-1.259995;6.18;10.1285;0.5713046;3.204323;0;0;0.8620691
18.6;False;-0.15581;0.2872429;0.201868;-7.33;-1.259995;6.18;10.1285;0.5713046;3.204323;0;0;0.8620691
18.62;False;-0.1109647;0.2942677;0.1846578;-7.33;-1.259995;6.18;10.1216;0.5170111;3.24344;0;0;0.8620691
18.64;False;-0.02504974;0.2189875;-0.006328546;-7.33;-1.259995;6.18;10.11429;0.4692702;3.253701;0;0;0.8620691
18.66;False;-0.00763863;0.200861;-0.05991133;-7.33;-1.259995;6.18;10.12287;0.4119823;3.254462;0;0;0.8620691
18.68;False;-0.01920905;0.224267;-0.08354765;-7.33;-1.259995;6.18;10.12009;0.3859754;3.253795;0;0;0.8620691
18.7;False;0.09754356;0.2127829;-0.1849645;-7.33;-1.259995;6.18;10.1188;0.3728559;3.25092;0;0;0.8620691
18.72;False;-0.009035996;0.2477532;-0.2047061;-7.33;-1.259995;6.18;10.11771;0.3763079;3.249547;0;0;0.8620691
18.74;False;-0.009035996;0.2477532;-0.2047061;-7.33;-1.259995;6.18;10.11771;0.3763079;3.249547;0;0;0.8620691
18.76;False;-0.101867;0.3558626;-0.08614307;-7.33;-1.259995;6.18;10.09424;0.3658744;3.285298;0;0;0.8620691
18.78;False;-0.01798062;0.3106556;-0.02274393;-7.33;-1.259995;6.18;10.05907;0.3512707;3.322417;0;0;0.8620691
18.8;False;-0.06696798;0.2152405;-0.1125466;-7.33;-1.259995;6.18;10.03133;0.33123;3.356272;0;0;0.8620691
18.82;False;-0.06696798;0.2152405;-0.1125466;-7.33;-1.259995;6.18;10.03133;0.33123;3.356272;0;0;0.8620691
18.84;False;0.0003276654;0.2588778;-0.1125506;-7.33;-1.259995;6.18;10.02396;0.3208818;3.380289;0;0;0.8620691
18.86;False;-0.03844401;0.36203;0.002122609;-7.33;-1.259995;6.18;9.999872;0.3216391;3.424546;0;0;0.8620691
18.88;False;-0.01175271;0.2792749;-0.01699615;-7.33;-1.259995;6.18;9.9748;0.3266495;3.482016;0;0;0.8620691
18.9;False;0.1024859;0.0592804;-0.1047757;-7.33;-1.259995;6.18;9.968135;0.358558;3.528149;0;0;0.8620691
18.92;False;0.1024859;0.0592804;-0.1047757;-7.33;-1.259995;6.18;9.968135;0.358558;3.528149;0;0;0.8620691
18.94;False;-0.002613877;0.2651043;0.1172838;-7.33;-1.259995;6.18;9.948578;0.3799006;3.577561;0;0;0.8620691
18.96;False;0.01265928;0.2185698;0.1638376;-7.33;-1.259995;6.18;9.915118;0.3713231;3.622402;0;0;0.8620691
18.98;False;0.035391;0.1961527;0.02820571;-7.33;-1.259995;6.18;9.893378;0.3713596;3.655277;0;0;0.8620691
19;False;0.0358733;0.2579174;-0.04269416;-7.33;-1.259995;6.18;9.865832;0.3769981;3.677894;0;0;0.8620691
19.02;False;0.01174931;0.2640524;-0.03587241;-7.33;-1.259995;6.18;9.836488;0.3817914;3.708756;0;0;0.8620691
19.04;False;0.06794181;0.1822748;0.05777576;-7.33;-1.259995;6.18;9.810314;0.3767295;3.71606;0;0;0.8620691
19.06;False;0.03802389;0.1678047;0.01341421;-7.33;-1.259995;6.18;9.72451;0.4018005;3.733369;0;0;0.8620691
19.08;False;0.03802389;0.1678047;0.01341421;-7.33;-1.259995;6.18;9.72451;0.4018005;3.733369;0;0;0.8620691
19.1;False;0.01131932;0.05968094;0.262402;-7.33;-1.259995;6.18;9.365716;0.4371067;3.679338;0;0;0.8620691
19.12;False;-0.1788472;0.000612259;0.6497455;-7.33;-1.259995;6.18;8.893746;0.4179247;3.533837;0;0;0.8620691
19.14;False;-0.3709118;0.6796322;1.681898;-7.33;-1.259995;6.18;7.673016;0.203629;3.344553;0;0;0.8620691
19.16;False;-0.2316777;0.8145238;1.192177;-7.33;-1.259995;6.18;6.727754;359.9876;3.496495;0;0;0.8620691
19.18;False;0.006090563;0.6759739;0.8111733;-7.33;-1.259995;6.18;5.217881;359.4496;3.824635;0;0;0.8620691
19.2;False;0.5236247;-0.467021;-0.4765204;-7.33;-1.259995;6.18;5.312611;359.3404;3.699942;0;0;0.8620691
19.22;False;0.5236247;-0.467021;-0.4765204;-7.33;-1.259995;6.18;5.312611;359.3404;3.699942;0;0;0.8620691
19.24;False;0.6365334;-0.9713287;-2.501901;-7.33;-1.259995;6.18;5.765936;359.2902;3.236975;0;0;0.8620691
19.26;False;0.5851363;-0.3597241;-2.726649;-7.33;-1.259995;6.18;6.70946;359.5086;2.86066;0;0;0.8620691
19.28;False;0.3012987;0.1894579;-2.342819;-7.33;-1.259995;6.18;8.051167;359.5617;2.683397;0;0;0.8620691
19.3;False;-0.05508202;0.7099667;-1.95489;-7.33;-1.259995;6.18;10.05091;359.6695;2.342692;0;0;0.8620691
19.32;False;-0.2369019;1.309751;2.028835;-7.33;-1.259995;6.18;10.29683;359.5941;2.381027;0;0;0.8620691
19.34;False;-0.3516798;1.526358;3.254313;-7.33;-1.259995;6.18;10.2285;359.6866;2.707059;0;0;0.174216
19.36;False;-0.3516798;1.526358;3.254313;-7.33;-1.259995;6.18;10.2285;359.6866;2.707059;0;0;0.174216
19.38;False;-0.07996289;0.4202156;0.3988002;-7.33;-1.259995;6.18;10.4915;0.01308038;3.302234;0;0;0.174216
19.4;False;-0.6388519;0.6224432;-1.477206;-7.33;-1.259995;6.18;10.04676;-0.003782753;3.725891;0;0;0.174216
19.42;False;-0.5520312;0.2570286;-0.3945567;-7.33;-1.259995;6.18;9.151502;359.8936;4.530881;0;0;0.174216
19.44;False;-0.3942968;-0.04339505;1.303823;-7.33;-1.259995;6.18;8.284254;359.7961;4.87709;0;0;0.174216
19.46;False;-0.5354953;0.07993413;2.436435;-7.33;-1.259995;6.18;7.804551;359.5076;5.177567;0;0;0.174216
19.48;False;0.1949622;-0.9439421;4.831046;-7.33;-1.259995;6.18;7.163542;359.3136;4.762359;0;0;0.174216
19.5;False;0.1949622;-0.9439421;4.831046;-7.33;-1.259995;6.18;7.163542;359.3136;4.762359;0;0;0.174216
19.52;False;0.2738779;-0.6181069;0.09418134;-7.33;-1.259995;6.18;4.36855;358.136;4.659657;0;0;0.174216
19.54;False;-0.06564164;-0.6494074;-1.978625;-7.33;-1.259995;6.18;4.353137;357.776;4.340486;0;0;0.174216
19.56;False;0.3828553;-1.075784;-3.287109;-7.33;-1.259995;6.18;5.166591;357.457;3.489293;0;0;0.174216
19.58;False;0.3828553;-1.075784;-3.287109;-7.33;-1.259995;6.18;5.166591;357.457;3.489293;0;0;0.174216
19.6;False;0.1605441;-0.2622757;-3.665761;-7.33;-1.259995;6.18;6.657477;357.4518;3.053023;0;0;0.174216
19.62;False;0.4393782;0.3508787;-2.532684;-7.33;-1.259995;6.18;8.022418;357.4709;2.663241;0;0;0.174216
19.64;False;0.3822085;1.083917;0.6082457;-7.33;-1.259995;6.18;9.298484;357.3436;1.996175;0;0;0.174216
19.66;False;-0.3358839;1.920725;3.762384;-7.33;-1.259995;6.18;9.362426;357.3235;2.235532;0;0;0.174216
19.68;False;-0.3035639;1.101286;1.476811;-7.33;-1.259995;6.18;9.833347;357.7963;3.09304;0;0;0.174216
19.7;False;-0.3035639;1.101286;1.476811;-7.33;-1.259995;6.18;9.833347;357.7963;3.09304;0;0;0.174216
19.72;False;0.1402486;0.4208823;-1.646945;-7.33;-1.259995;6.18;9.577144;358.0512;3.601752;0;0;0.174216
19.74;False;-0.2687453;-0.5288163;-1.166827;-7.33;-1.259995;6.18;9.593246;358.0903;3.919527;0;0;0.174216
19.76;False;-0.4138651;-0.1577416;-0.09281659;-7.33;-1.259995;6.18;9.064761;357.8823;3.932715;0;0;0.174216
19.78;False;-0.2320301;0.438138;1.244679;-7.33;-1.259995;6.18;8.323603;357.7199;4.310087;0;0;0.174216
19.8;False;-0.1379483;0.2571421;1.388082;-7.33;-1.259995;6.18;7.471994;357.6636;4.909576;0;0;0.174216
19.82;False;-0.1379483;0.2571421;1.388082;-7.33;-1.259995;6.18;7.471994;357.6636;4.909576;0;0;0.174216
19.84;False;0.572794;-0.4054222;3.794994;-7.33;-1.259995;6.18;6.844157;357.5933;4.461267;0;0;0.174216
19.86;False;0.287411;0.100627;0.5734087;-7.33;-1.259995;6.18;5.452342;357.3005;4.195919;0;0;0.174216
19.88;False;0.287411;0.100627;0.5734087;-7.33;-1.259995;6.18;5.452342;357.3005;4.195919;0;0;0.174216
19.9;False;-0.1931004;-0.9660731;-2.029924;-7.33;-1.259995;6.18;4.788724;357.0256;3.730921;0;0;0.174216
19.92;False;-0.006150439;-0.4705238;-2.240517;-7.33;-1.259995;6.18;5.43153;356.9922;3.260959;0;0;1.724138
19.94;False;0.02512079;0.4747601;-3.182285;-7.33;-1.259995;6.18;6.691914;357.0533;2.557211;0;0;1.724138
19.96;False;0.1940029;0.2029648;-2.949888;-7.33;-1.259995;6.18;8.003566;357.1546;2.115371;0;0;1.724138
19.98;False;-0.1530359;1.252388;-0.9708104;-7.33;-1.259995;6.18;9.348677;357.0701;1.334603;0;0;1.724138
20;False;-0.3997311;1.840943;2.614254;-7.33;-1.259995;6.18;9.254867;356.7594;1.567379;0;0;1.724138
20.02;False;-0.639261;1.731257;2.096463;-7.33;-1.259995;6.18;9.425635;356.8332;2.043972;0;0;1.724138
20.04;False;0.1044998;0.3119374;-0.2565867;-7.33;-1.259995;6.18;9.632287;357.0486;2.701721;0;0;1.724138
20.06;False;0.383667;-0.404109;-1.574532;-7.33;-1.259995;6.18;9.889713;357.3922;3.200961;0;0;1.724138
20.08;False;0.383667;-0.404109;-1.574532;-7.33;-1.259995;6.18;9.889713;357.3922;3.200961;0;0;1.724138
20.1;False;0.4586326;-0.4181633;-0.3677097;-7.33;-1.259995;6.18;9.721159;357.454;3.089188;0;0;1.724138
20.12;False;0.3972548;0.1654635;0.6658689;-7.33;-1.259995;6.18;9.17336;357.8021;3.589046;0;0;1.724138
20.14;False;0.181603;0.3750572;0.9958472;-7.33;-1.259995;6.18;8.38618;357.959;3.977047;0;0;1.724138
20.16;False;0.3252103;-0.02680779;1.250141;-7.33;-1.259995;6.18;8.087328;358.3483;4.302456;0;0;1.724138
20.18;False;0.3252103;-0.02680779;1.250141;-7.33;-1.259995;6.18;8.087328;358.3483;4.302456;0;0;1.724138
20.2;False;0.5393342;-0.07519056;3.208345;-7.33;-1.259995;6.18;7.260218;358.7371;4.208411;0;0;1.724138
20.22;False;0.3725183;0.782259;-0.1812886;-7.33;-1.259995;6.18;6.346727;359.257;3.754846;0;0;1.724138
20.24;False;-0.2290916;-0.6826859;-0.9386991;-7.33;-1.259995;6.18;6.216869;359.236;3.462484;0;0;1.724138
20.26;False;-0.7889805;-0.1582423;-1.723383;-7.33;-1.259995;6.18;6.484239;359.1884;3.160655;0;0;1.724138
20.28;False;-0.6601489;0.6327096;-1.638965;-7.33;-1.259995;6.18;6.92633;359.0862;2.943111;0;0;1.724138
20.3;False;-0.5273335;0.6018019;-2.189569;-7.33;-1.259995;6.18;7.602982;358.977;2.660409;0;0;1.724138
20.32;False;-0.5273335;0.6018019;-2.189569;-7.33;-1.259995;6.18;7.602982;358.977;2.660409;0;0;1.724138
20.34;False;-0.4991439;1.094194;-0.7052557;-7.33;-1.259995;6.18;8.513706;358.6778;2.344038;0;0;1.724138
20.36;False;-0.3001231;1.352993;1.533166;-7.33;-1.259995;6.18;8.862977;358.4352;2.39157;0;0;1.724138
20.38;False;-0.3001231;1.352993;1.533166;-7.33;-1.259995;6.18;8.862977;358.4352;2.39157;0;0;1.724138
20.4;False;0.141131;0.1216574;0.02889028;-7.33;-1.259995;6.18;9.10957;358.4577;2.5956;0;0;1.724138
20.42;False;0.2290659;-0.08780576;-0.8634148;-7.33;-1.259995;6.18;9.383691;358.5144;2.892974;0;0;1.724138
20.44;False;0.2290659;-0.08780576;-0.8634148;-7.33;-1.259995;6.18;9.383691;358.5144;2.892974;0;0;1.724138
20.46;False;0.07625872;-0.006997109;-0.1061099;-7.33;-1.259995;6.18;9.307285;358.5248;3.04075;0;0;1.724138
20.48;False;0.1876959;0.04237366;0.5422955;-7.33;-1.259995;6.18;9.016773;358.5996;3.407812;0;0;1.724138
20.5;False;0.1878969;0.08267499;0.5445365;-7.33;-1.259995;6.18;8.481272;358.859;4.000857;0;0;1.724138
20.52;False;0.1878969;0.08267499;0.5445365;-7.33;-1.259995;6.18;8.481272;358.859;4.000857;0;0;1.724138
20.54;False;0.5214567;-0.2191296;1.676295;-7.33;-1.259995;6.18;8.16394;359.0135;4.112249;0;0;1.724138
20.56;False;0.4542457;-0.3856964;1.125679;-7.33;-1.259995;6.18;7.588398;359.424;3.966192;0;0;1.724138
20.58;False;0.2667045;0.02741242;0.4547811;-7.33;-1.259995;6.18;7.285994;359.6816;3.77721;0;0;1.724138
20.6;False;-0.1775465;0.1253119;-0.08956251;-7.33;-1.259995;6.18;6.812128;359.968;3.366744;0;0;1.724138
20.62;False;-0.7096432;-0.1402092;-0.313666;-7.33;-1.259995;6.18;7.016842;359.6414;3.066018;0;0;1.724138
20.64;False;-0.6492701;0.4159861;-0.4107547;-7.33;-1.259995;6.18;7.14833;359.3524;2.917276;0;0;1.724138
20.66;False;-0.6492701;0.4159861;-0.4107547;-7.33;-1.259995;6.18;7.14833;359.3524;2.917276;0;0;1.724138
20.68;False;-0.0955042;0.2815514;-0.720398;-7.33;-1.259995;6.18;7.286373;359.1158;2.529408;0;0;1.724138
20.7;False;0.3167432;0.2785873;-1.07273;-7.33;-1.259995;6.18;7.468117;359.1372;2.358029;0;0;1.724138
20.72;False;0.1796239;0.7259303;-1.053596;-7.33;-1.259995;6.18;7.908217;359.2569;2.164916;0;0;1.724138
20.74;False;0.1796239;0.7259303;-1.053596;-7.33;-1.259995;6.18;7.908217;359.2569;2.164916;0;0;1.724138
20.76;False;0.09539197;0.4572926;-0.5684;-7.33;-1.259995;6.18;8.210823;359.3722;2.138491;0;0;1.724138
20.78;False;0.1027761;0.6012688;-0.07314105;-7.33;-1.259995;6.18;8.63858;359.6193;2.112429;0;0;1.724138
20.8;False;0.03501672;0.4728099;0.1600725;-7.33;-1.259995;6.18;8.872001;359.884;2.192287;0;0;1.724138
20.82;False;-0.03846356;0.2532692;0.2668531;-7.33;-1.259995;6.18;8.976072;359.948;2.233936;0;0;1.724138
20.84;False;-0.03846356;0.2532692;0.2668531;-7.33;-1.259995;6.18;8.976072;359.948;2.233936;0;0;1.724138
20.86;False;-0.2735319;0.1465969;0.448429;-7.33;-1.259995;6.18;9.095047;359.976;2.257151;0;0;1.724138
20.88;False;-0.1632883;0.1761265;0.1094832;-7.33;-1.259995;6.18;9.363006;0.03299911;2.287182;0;0;1.724138
20.9;False;-0.1632883;0.1761265;0.1094832;-7.33;-1.259995;6.18;9.363006;0.03299911;2.287182;0;0;1.724138
20.92;False;-0.1303538;0.1553783;0.2752931;-7.33;-1.259995;6.18;9.408504;0.02327307;2.285563;0;0;1.724138
20.94;False;-0.2660397;0.1868773;0.179401;-7.33;-1.259995;6.18;9.455853;-0.003836521;2.316886;0;0;1.724138
20.96;False;-0.2616082;0.2577133;0.01400476;-7.33;-1.259995;6.18;9.456213;359.9522;2.325724;0;0;1.724138
20.98;False;-0.2616082;0.2577133;0.01400476;-7.33;-1.259995;6.18;9.456213;359.9522;2.325724;0;0;1.724138
21;False;-0.1411807;0.2486973;0.1084968;-7.33;-1.259995;6.18;9.446754;359.8409;2.343211;0;0;1.724138
21.02;False;-0.1040033;0.3446646;-0.2034598;-7.33;-1.259995;6.18;9.455386;359.7612;2.351577;0;0;1.724138
21.04;False;-0.1244542;0.3402129;-0.1846016;-7.33;-1.259995;6.18;9.471792;359.6426;2.353944;0;0;1.724138
21.06;False;-0.1005005;0.4169541;-0.05430815;-7.33;-1.259995;6.18;9.484099;359.5112;2.397493;0;0;1.724138
21.08;False;-0.1005005;0.4169541;-0.05430815;-7.33;-1.259995;6.18;9.484099;359.5112;2.397493;0;0;1.724138
21.1;False;0.1220376;0.2764311;-0.1751129;-7.33;-1.259995;6.18;9.481128;359.4715;2.43414;0;0;1.724138
21.12;False;0.1596678;0.1545696;-0.2446213;-7.33;-1.259995;6.18;9.501324;359.4482;2.445427;0;0;1.724138
21.14;False;0.03531871;0.1182385;0.08926558;-7.33;-1.259995;6.18;9.513151;359.4324;2.445313;0;0;1.724138
21.16;False;0.04418592;0.3527594;0.1519351;-7.33;-1.259995;6.18;9.494979;359.4308;2.476823;0;0;1.724138
21.18;False;0.08317171;0.2210408;0.1356796;-7.33;-1.259995;6.18;9.474104;359.4437;2.503163;0;0;1.724138
21.2;False;0.01352983;0.1744938;0.09568167;-7.33;-1.259995;6.18;9.459244;359.4724;2.539524;0;0;1.724138
21.22;False;0.01352983;0.1744938;0.09568167;-7.33;-1.259995;6.18;9.459244;359.4724;2.539524;0;0;1.724138
21.24;False;0.06665718;0.1053619;0.1183473;-7.33;-1.259995;6.18;9.455034;359.5348;2.586895;0;0;1.724138
21.26;False;-0.1128177;0.3286724;0.1199422;-7.33;-1.259995;6.18;9.453925;359.5444;2.617326;0;0;1.724138
21.28;False;-0.1291878;0.319768;0.1662272;-7.33;-1.259995;6.18;9.429535;359.5247;2.668175;0;0;1.724138
21.3;False;-0.1291878;0.319768;0.1662272;-7.33;-1.259995;6.18;9.429535;359.5247;2.668175;0;0;1.724138
21.32;False;-0.06743651;0.2566042;0.1022426;-7.33;-1.259995;6.18;9.391663;359.4902;2.720851;0;0;1.724138
21.34;False;0.07183572;0.2443314;0.05518038;-7.33;-1.259995;6.18;9.351031;359.471;2.764946;0;0;1.724138
21.36;False;0.04008698;0.1621428;0.005866316;-7.33;-1.259995;6.18;9.322433;359.4567;2.796185;0;0;1.724138
21.38;False;0.06046767;0.2258044;-0.01891706;-7.33;-1.259995;6.18;9.305688;359.4438;2.817692;0;0;1.724138
21.4;False;0.04568666;0.2441054;-0.01877634;-7.33;-1.259995;6.18;9.297714;359.4307;2.845004;0;0;1.724138
21.42;False;0.06913685;0.2190886;0.02211457;-7.33;-1.259995;6.18;9.294799;359.4214;2.862833;0;0;1.724138
21.44;False;0.1065248;0.1776562;-0.005218498;-7.33;-1.259995;6.18;9.296671;359.4213;2.884127;0;0;1.724138
21.46;False;0.1065248;0.1776562;-0.005218498;-7.33;-1.259995;6.18;9.296671;359.4213;2.884127;0;0;1.724138
21.48;False;0.1304149;0.1700077;0.05120888;-7.33;-1.259995;6.18;9.30237;359.4338;2.888802;0;0;1.724138
21.5;False;0.1008447;0.2571621;-0.1249;-7.33;-1.259995;6.18;9.314852;359.465;2.885055;0;0;1.724138
21.52;False;0.08015372;0.1693993;0.150452;-7.33;-1.259995;6.18;9.316076;359.4771;2.873779;0;0;1.724138
21.54;False;0.01136573;0.1031075;-0.003552643;-7.33;-1.259995;6.18;9.334097;359.497;2.834554;0;0;1.724138
21.56;False;0.01136573;0.1031075;-0.003552643;-7.33;-1.259995;6.18;9.334097;359.497;2.834554;0;0;1.724138
21.58;False;-0.04050242;0.2967443;0.1009663;-7.33;-1.259995;6.18;9.346759;359.5042;2.806833;0;0;1.724138
21.6;False;0.02395611;0.2725563;0.04028592;-7.33;-1.259995;6.18;9.351501;359.5127;2.787169;0;0;1.724138
21.62;False;0.03993562;0.2372322;-0.03224183;-7.33;-1.259995;6.18;9.355101;359.5238;2.761129;0;0;1.724138
21.64;False;-0.06331743;0.3012362;-0.04782905;-7.33;-1.259995;6.18;9.356453;359.5276;2.75059;0;0;1.724138
21.66;False;-0.01530742;0.3231325;0.01305747;-7.33;-1.259995;6.18;9.352879;359.5363;2.742237;0;0;1.724138
21.68;False;-0.02743535;0.230691;-0.07992226;-7.33;-1.259995;6.18;9.354064;359.5443;2.725477;0;0;1.724138
21.7;False;-0.03022521;0.3410721;-0.04170548;-7.33;-1.259995;6.18;9.356816;359.545;2.724443;0;0;1.724138
21.72;False;-0.03022521;0.3410721;-0.04170548;-7.33;-1.259995;6.18;9.356816;359.545;2.724443;0;0;1.724138
21.74;False;0.04299729;0.2065058;-0.02674403;-7.33;-1.259995;6.18;9.362469;359.5522;2.717785;0;0;1.724138
21.76;False;-0.09424912;0.2811146;-0.001586458;-7.33;-1.259995;6.18;9.37444;359.5466;2.720042;0;0;1.724138
21.78;False;0.02594971;0.3521729;0.08758555;-7.33;-1.259995;6.18;9.380216;359.5353;2.731818;0;0;1.724138
21.8;False;0.04433806;0.1833172;-0.1131085;-7.33;-1.259995;6.18;9.374792;359.5418;2.743309;0;0;1.724138
21.82;False;-0.01446737;0.141264;-0.06277664;-7.33;-1.259995;6.18;9.388747;359.5556;2.739806;0;0;1.724138
21.84;False;-0.0004724488;0.201685;0.1029184;-7.33;-1.259995;6.18;9.392716;359.5573;2.731102;0;0;1.724138
21.86;False;-0.01911603;0.2640419;0.01905793;-7.33;-1.259995;6.18;9.388422;359.5585;2.725785;0;0;1.724138
21.88;False;0.03328726;0.1771545;0.03151505;-7.33;-1.259995;6.18;9.385415;359.5589;2.716027;0;0;1.724138
21.9;False;0.05469405;0.1738596;0.001425297;-7.33;-1.259995;6.18;9.38487;359.5639;2.695203;0;0;1.724138
21.92;False;0.04601137;0.230011;0.0111129;-7.33;-1.259995;6.18;9.381902;359.5673;2.671593;0;0;1.724138
21.94;False;0.04601137;0.230011;0.0111129;-7.33;-1.259995;6.18;9.381902;359.5673;2.671593;0;0;1.724138
21.96;False;-0.02594774;0.226552;0.00144918;-7.33;-1.259995;6.18;9.384732;359.5704;2.64959;0;0;1.724138
21.98;False;0.05181948;0.2596903;0.06417245;-7.33;-1.259995;6.18;9.385999;359.5736;2.634917;0;0;1.724138
22;False;0.0003314741;0.1977816;0.006531993;-7.33;-1.259995;6.18;9.388476;359.5834;2.622549;0;0;1.724138
22.02;False;-0.009318216;0.2236118;0.07890365;-7.33;-1.259995;6.18;9.390146;359.5967;2.610997;0;0;1.724138
22.04;False;0.0810519;0.2331305;-0.05495172;-7.33;-1.259995;6.18;9.402217;359.6148;2.597116;0;0;1.724138
22.06;False;-0.07599286;0.3299322;0.06223032;-7.33;-1.259995;6.18;9.406645;359.6194;2.588586;0;0;1.724138
22.08;False;-0.01729664;0.3447618;0.05515192;-7.33;-1.259995;6.18;9.410294;359.6201;2.584673;0;0;1.724138
22.1;False;-0.06392549;0.3034506;0.1070856;-7.33;-1.259995;6.18;9.413938;359.6054;2.580836;0;0;1.724138
22.12;False;0.004915639;0.2777386;0.1118556;-7.33;-1.259995;6.18;9.411781;359.5928;2.58393;0;0;1.724138
22.14;False;-0.01869225;0.2089939;-0.06364554;-7.33;-1.259995;6.18;9.405066;359.5844;2.585529;0;0;1.724138
22.16;False;0.05034995;0.3043585;0.1430232;-7.33;-1.259995;6.18;9.390815;359.5768;2.580854;0;0;1.724138
22.18;False;0.05034995;0.3043585;0.1430232;-7.33;-1.259995;6.18;9.390815;359.5768;2.580854;0;0;1.724138
22.2;False;0.02211656;0.1784649;-0.1018337;-7.33;-1.259995;6.18;9.383126;359.5778;2.578572;0;0;1.724138
22.22;False;0.03628278;0.2995253;-0.06318627;-7.33;-1.259995;6.18;9.383968;359.5869;2.58142;0;0;1.724138
22.24;False;0.03712642;0.2567635;-0.0414194;-7.33;-1.259995;6.18;9.381548;359.6017;2.582633;0;0;1.724138
22.26;False;-0.06876002;0.2466908;-0.02291981;-7.33;-1.259995;6.18;9.37925;359.6203;2.572726;0;0;1.724138
22.28;False;-0.06876002;0.2466908;-0.02291981;-7.33;-1.259995;6.18;9.37925;359.6203;2.572726;0;0;1.724138
22.3;False;-0.01846959;0.2308512;-0.02670749;-7.33;-1.259995;6.18;9.375628;359.6201;2.569858;0;0;1.724138
22.32;False;-0.01067111;0.2563124;0.05365458;-7.33;-1.259995;6.18;9.36411;359.6104;2.566869;0;0;1.724138
22.34;False;-0.01067111;0.2563124;0.05365458;-7.33;-1.259995;6.18;9.36411;359.6104;2.566869;0;0;1.724138
22.36;False;-0.04920847;0.3112612;-0.05369667;-7.33;-1.259995;6.18;9.367391;359.5934;2.586664;0;0;1.724138
22.38;False;0.04841537;0.2276268;-0.09789597;-7.33;-1.259995;6.18;9.359882;359.5886;2.594866;0;0;1.724138
22.4;False;0.04841537;0.2276268;-0.09789597;-7.33;-1.259995;6.18;9.359882;359.5886;2.594866;0;0;1.724138
22.42;False;-0.01346057;0.2184448;0.04423099;-7.33;-1.259995;6.18;9.343616;359.5711;2.605156;0;0;1.724138
22.44;False;-0.0238615;0.2532787;-0.106184;-7.33;-1.259995;6.18;9.3343;359.5621;2.617744;0;0;1.724138
22.46;False;0.06073847;0.2126245;-0.01026557;-7.33;-1.259995;6.18;9.331479;359.5589;2.626279;0;0;1.724138
22.48;False;-0.05638018;0.230547;-0.04459187;-7.33;-1.259995;6.18;9.329683;359.5569;2.629823;0;0;1.724138
22.5;False;-0.01100386;0.249116;0.03447331;-7.33;-1.259995;6.18;9.317121;359.5556;2.634958;0;0;1.724138
22.52;False;-0.01100386;0.249116;0.03447331;-7.33;-1.259995;6.18;9.317121;359.5556;2.634958;0;0;1.724138
22.54;False;0.03717769;0.2589855;-0.06269752;-7.33;-1.259995;6.18;9.311019;359.5568;2.642543;0;0;1.724138
22.56;False;-0.02170555;0.2152262;0.05439358;-7.33;-1.259995;6.18;9.306705;359.5575;2.645117;0;0;1.724138
22.58;False;0.006738545;0.2379122;-0.01013456;-7.33;-1.259995;6.18;9.300948;359.558;2.648657;0;0;1.724138
22.6;False;-0.05197306;0.2228136;0.05448401;-7.33;-1.259995;6.18;9.295613;359.5559;2.64835;0;0;1.724138
22.62;False;-0.003603423;0.230814;0.0253621;-7.33;-1.259995;6.18;9.291683;359.5532;2.651273;0;0;1.724138
22.64;False;0.04442275;0.2309618;-0.01449761;-7.33;-1.259995;6.18;9.284946;359.5522;2.655873;0;0;1.724138
22.66;False;-0.04136723;0.2111826;-0.04665232;-7.33;-1.259995;6.18;9.281903;359.5526;2.660264;0;0;1.724138
22.68;False;0.03799194;0.2968397;0.1102211;-7.33;-1.259995;6.18;9.272779;359.5504;2.672889;0;0;1.724138
22.7;False;0.07004747;0.1899443;0.06150534;-7.33;-1.259995;6.18;9.270189;359.5557;2.685993;0;0;1.724138
22.72;False;-0.08633182;0.2194862;0.0007746695;-7.33;-1.259995;6.18;9.274415;359.5515;2.690466;0;0;1.724138
22.74;False;-0.08633182;0.2194862;0.0007746695;-7.33;-1.259995;6.18;9.274415;359.5515;2.690466;0;0;1.724138
22.76;False;-0.0584172;0.2022429;0.05591442;-7.33;-1.259995;6.18;9.273801;359.5391;2.696136;0;0;1.724138
22.78;False;0.04467763;0.2535896;0.02442941;-7.33;-1.259995;6.18;9.269412;359.5233;2.699642;0;0;1.724138
22.8;False;0.03730401;0.2009621;-0.01392959;-7.33;-1.259995;6.18;9.271965;359.5079;2.691439;0;0;1.724138
22.82;False;0.04627839;0.2648697;-0.04117529;-7.33;-1.259995;6.18;9.272893;359.4943;2.683697;0;0;1.724138
22.84;False;0.04641435;0.2805862;-0.01917115;-7.33;-1.259995;6.18;9.266706;359.4835;2.681211;0;0;1.724138
22.86;False;0.06847537;0.221797;-0.01109277;-7.33;-1.259995;6.18;9.271929;359.4897;2.67549;0;0;1.724138
22.88;False;0.001455698;0.2665234;-0.0690641;-7.33;-1.259995;6.18;9.285497;359.4969;2.670655;0;0;1.724138
22.9;False;-0.05736213;0.292552;-0.01342839;-7.33;-1.259995;6.18;9.269976;359.453;2.714722;0;0;1.724138
22.92;False;-0.05736213;0.292552;-0.01342839;-7.33;-1.259995;6.18;9.269976;359.453;2.714722;0;0;1.724138
22.94;False;-0.05736213;0.292552;-0.01342839;-7.33;-1.259995;6.18;9.269976;359.453;2.714722;0;0;1.724138
22.96;False;-0.05736213;0.292552;-0.01342839;-7.33;-1.259995;6.18;9.269976;359.453;2.714722;0;0;1.724138
22.98;False;-0.05736213;0.292552;-0.01342839;-7.33;-1.259995;6.18;9.269976;359.453;2.714722;0;0;1.724138
23;False;-0.05736213;0.292552;-0.01342839;-7.33;-1.259995;6.18;9.269976;359.453;2.714722;0;0;1.724138
23.02;False;-0.05736213;0.292552;-0.01342839;-7.33;-1.259995;6.18;9.269976;359.453;2.714722;0;0;1.724138
23.04;False;0.02652465;0.1940775;-0.03510774;-7.33;-1.259995;6.18;9.262477;359.4547;2.706921;0;0;1.724138
23.06;False;0.02652465;0.1940775;-0.03510774;-7.33;-1.259995;6.18;9.262477;359.4547;2.706921;0;0;1.724138
